	0	1	2	3	4	5	6	7	8	9	10	11	12	13	14
0	0.094335	0.003031	0.003031	0.003031	0.003031	0.080658	0.003031	0.003031	0.003031	0.003031	0.003031	0.429476	0.003031	0.003031	0.362196
1	0.016667	0.016667	0.016667	0.016667	0.016667	0.016667	0.016667	0.016667	0.766665	0.016667	0.016667	0.016667	0.016667	0.016667	0.016667
2	0.002083	0.002083	0.002083	0.002083	0.677191	0.002083	0.002083	0.002083	0.002083	0.002083	0.226306	0.071502	0.002083	0.002083	0.002083
3	0.003704	0.003704	0.003704	0.003704	0.865665	0.003704	0.003704	0.003704	0.003704	0.003704	0.003704	0.003704	0.003704	0.003704	0.086184
4	0.003175	0.003175	0.003175	0.003175	0.083501	0.003175	0.003175	0.003175	0.003175	0.050793	0.003175	0.827609	0.003175	0.003175	0.003175
5	0.022222	0.022222	0.022222	0.022222	0.022222	0.022222	0.022222	0.688888	0.022222	0.022222	0.022222	0.022222	0.022222	0.022222	0.022222
6	0.126991	0.003922	0.003922	0.003922	0.749909	0.003922	0.003922	0.003922	0.003922	0.003922	0.003922	0.003922	0.003922	0.003922	0.076036
7	0.004167	0.004167	0.004167	0.004167	0.004167	0.004167	0.004167	0.004167	0.004167	0.004167	0.004167	0.941665	0.004167	0.004167	0.004167
8	0.002667	0.002667	0.002667	0.002667	0.674539	0.002667	0.002667	0.002667	0.002667	0.002667	0.002667	0.290792	0.002667	0.002667	0.002667
9	0.162485	0.008333	0.008333	0.008333	0.008333	0.008333	0.476799	0.260716	0.008333	0.008333	0.008333	0.008333	0.008333	0.008333	0.008333
10	0.002778	0.002778	0.002778	0.002778	0.901802	0.002778	0.002778	0.002778	0.002778	0.002778	0.002778	0.002778	0.002778	0.002778	0.062084
11	0.008334	0.008334	0.008334	0.008334	0.008334	0.008334	0.008334	0.628372	0.138160	0.008334	0.133461	0.008334	0.008334	0.008334	0.008334
12	0.003922	0.003922	0.003922	0.127182	0.605688	0.003922	0.003922	0.003922	0.003922	0.003922	0.003922	0.003922	0.003922	0.003922	0.220068
13	0.003175	0.003175	0.003175	0.003175	0.627478	0.003175	0.003175	0.003175	0.003175	0.003175	0.165905	0.003175	0.003175	0.003175	0.168520
14	0.002564	0.002564	0.153266	0.002564	0.653750	0.002564	0.002564	0.002564	0.002564	0.002564	0.002564	0.162214	0.002564	0.002564	0.002564
15	0.003175	0.003175	0.003175	0.003175	0.003175	0.003175	0.003175	0.116400	0.051507	0.202678	0.003175	0.594489	0.003175	0.003175	0.003175
16	0.085949	0.005128	0.005128	0.005128	0.005128	0.083300	0.118548	0.005128	0.655790	0.005128	0.005128	0.005128	0.005128	0.005128	0.005128
17	0.008334	0.008334	0.008334	0.008334	0.730977	0.008334	0.008334	0.008334	0.008334	0.008334	0.008334	0.008334	0.008334	0.160675	0.008334
18	0.002564	0.002564	0.002564	0.002564	0.002564	0.002564	0.002564	0.002564	0.002564	0.002564	0.002564	0.002564	0.002564	0.002564	0.964100
19	0.002778	0.002778	0.002778	0.002778	0.466306	0.002778	0.285327	0.002778	0.002778	0.002778	0.215031	0.002778	0.002778	0.002778	0.002778
20	0.004445	0.004445	0.190232	0.004445	0.425388	0.004445	0.004445	0.004445	0.004445	0.004445	0.004445	0.004445	0.004445	0.004445	0.331042
21	0.013334	0.013334	0.013334	0.613332	0.013334	0.013334	0.013334	0.013334	0.013334	0.013334	0.013334	0.213331	0.013334	0.013334	0.013334
22	0.003922	0.003922	0.003922	0.003922	0.683947	0.003922	0.197608	0.003922	0.003922	0.003922	0.071383	0.003922	0.003922	0.003922	0.003922
23	0.011112	0.011112	0.011112	0.011112	0.011112	0.011112	0.352153	0.011112	0.503396	0.011112	0.011112	0.011112	0.011112	0.011112	0.011112
24	0.145407	0.004445	0.004445	0.004445	0.796815	0.004445	0.004445	0.004445	0.004445	0.004445	0.004445	0.004445	0.004445	0.004445	0.004445
25	0.007408	0.007408	0.007408	0.007408	0.007408	0.007408	0.896283	0.007408	0.007408	0.007408	0.007408	0.007408	0.007408	0.007408	0.007408
26	0.004167	0.004167	0.004167	0.004167	0.004167	0.004167	0.004167	0.004167	0.004167	0.004167	0.004167	0.941665	0.004167	0.004167	0.004167
27	0.003704	0.217591	0.003704	0.003704	0.451441	0.003704	0.003704	0.003704	0.071604	0.003704	0.003704	0.003704	0.003704	0.003704	0.218616
28	0.004167	0.004167	0.197890	0.004167	0.494310	0.004167	0.004167	0.004167	0.004167	0.004167	0.004167	0.257797	0.004167	0.004167	0.004167
29	0.011112	0.011112	0.011112	0.011112	0.349799	0.011112	0.011112	0.011112	0.011112	0.011112	0.011112	0.011112	0.307665	0.011112	0.209196
30	0.004762	0.004762	0.004762	0.004762	0.345385	0.004762	0.004762	0.004762	0.156786	0.004762	0.084760	0.360686	0.004762	0.004762	0.004762
31	0.005556	0.005556	0.005556	0.005556	0.785120	0.005556	0.005556	0.142651	0.005556	0.005556	0.005556	0.005556	0.005556	0.005556	0.005556
32	0.004762	0.004762	0.004762	0.004762	0.159990	0.004762	0.004762	0.778105	0.004762	0.004762	0.004762	0.004762	0.004762	0.004762	0.004762
33	0.005128	0.005128	0.005128	0.005128	0.193681	0.005128	0.005128	0.005128	0.005128	0.005128	0.005128	0.005128	0.104694	0.005128	0.640085
34	0.004445	0.004445	0.004445	0.004445	0.703356	0.004445	0.238862	0.004445	0.004445	0.004445	0.004445	0.004445	0.004445	0.004445	0.004445
35	0.004445	0.004445	0.004445	0.004445	0.811832	0.004445	0.004445	0.004445	0.004445	0.004445	0.130389	0.004445	0.004445	0.004445	0.004445
36	0.006061	0.006061	0.102548	0.278618	0.281946	0.006061	0.006061	0.006061	0.006061	0.006061	0.006061	0.006061	0.006061	0.006061	0.270218
37	0.002667	0.002667	0.002667	0.002667	0.128834	0.002667	0.002667	0.002667	0.002667	0.002667	0.476584	0.002667	0.002667	0.002667	0.362581
38	0.523458	0.013333	0.013333	0.013333	0.013333	0.303207	0.013333	0.013333	0.013333	0.013333	0.013333	0.013333	0.013333	0.013333	0.013333
39	0.004762	0.004762	0.004762	0.004762	0.004762	0.004762	0.004762	0.004762	0.004762	0.004762	0.004762	0.824242	0.004762	0.004762	0.113851
40	0.008333	0.008333	0.008333	0.280027	0.008333	0.008333	0.318130	0.008333	0.008333	0.301842	0.008333	0.008333	0.008333	0.008333	0.008333
41	0.182223	0.006061	0.006061	0.193509	0.006061	0.094059	0.006061	0.006061	0.463538	0.006061	0.006061	0.006061	0.006061	0.006061	0.006061
42	0.004762	0.004762	0.004762	0.004762	0.341234	0.004762	0.004762	0.004762	0.160044	0.004762	0.004762	0.441573	0.004762	0.004762	0.004762
43	0.432960	0.009524	0.009524	0.009524	0.009524	0.009524	0.009524	0.009524	0.443227	0.009524	0.009524	0.009524	0.009524	0.009524	0.009524
44	0.005557	0.250012	0.005557	0.005557	0.246398	0.005557	0.005557	0.005557	0.005557	0.005557	0.100223	0.005557	0.005557	0.005557	0.342238
45	0.004445	0.004445	0.004445	0.004445	0.004445	0.004445	0.004445	0.004445	0.004445	0.004445	0.004445	0.004445	0.004445	0.004445	0.937776
46	0.002469	0.002469	0.049748	0.002469	0.830161	0.002469	0.002469	0.002469	0.002469	0.002469	0.090459	0.002469	0.002469	0.002469	0.002469
47	0.004762	0.004762	0.004762	0.004762	0.641085	0.004762	0.004762	0.004762	0.004762	0.004762	0.004762	0.297006	0.004762	0.004762	0.004762
48	0.002667	0.002667	0.002667	0.002667	0.909768	0.055563	0.002667	0.002667	0.002667	0.002667	0.002667	0.002667	0.002667	0.002667	0.002667
49	0.011115	0.011115	0.011115	0.011115	0.011115	0.170263	0.011115	0.011115	0.511240	0.011115	0.011115	0.011115	0.185119	0.011115	0.011115
50	0.167698	0.003335	0.003335	0.003335	0.092705	0.003335	0.003335	0.003335	0.003335	0.069892	0.003335	0.003335	0.633023	0.003335	0.003335
51	0.327766	0.009524	0.009524	0.009524	0.009524	0.009524	0.009524	0.009524	0.262714	0.295232	0.009524	0.009524	0.009524	0.009524	0.009524
52	0.197008	0.006061	0.006061	0.006061	0.006061	0.006061	0.006061	0.724200	0.006061	0.006061	0.006061	0.006061	0.006061	0.006061	0.006061
53	0.009524	0.009524	0.009524	0.009524	0.009524	0.009524	0.577514	0.009524	0.298672	0.009524	0.009524	0.009524	0.009524	0.009524	0.009524
54	0.003334	0.003334	0.122347	0.003334	0.392654	0.003334	0.003334	0.003334	0.003334	0.348914	0.003334	0.003334	0.099413	0.003334	0.003334
55	0.022222	0.344308	0.022223	0.022223	0.022222	0.022222	0.022223	0.022223	0.022222	0.022223	0.022222	0.366799	0.022222	0.022223	0.022222
56	0.016667	0.016667	0.016667	0.016667	0.016667	0.016667	0.016667	0.016667	0.516665	0.016667	0.266666	0.016667	0.016667	0.016667	0.016667
57	0.001905	0.001905	0.001905	0.001905	0.486956	0.001905	0.220004	0.001905	0.001905	0.001905	0.270181	0.001905	0.001905	0.001905	0.001905
58	0.004445	0.004445	0.004445	0.004445	0.004445	0.004445	0.004445	0.004445	0.004445	0.004445	0.004445	0.004445	0.004445	0.004445	0.937777
59	0.429283	0.004446	0.004446	0.004446	0.004446	0.004446	0.004446	0.004446	0.004446	0.004446	0.004446	0.004446	0.512922	0.004446	0.004446
60	0.005556	0.005556	0.005556	0.005556	0.005556	0.005556	0.005556	0.005556	0.005556	0.005556	0.005556	0.657201	0.005556	0.005556	0.270571
61	0.003175	0.003175	0.003175	0.003175	0.731270	0.003175	0.003175	0.003175	0.003175	0.003175	0.227456	0.003175	0.003175	0.003175	0.003175
62	0.004445	0.004445	0.004445	0.004445	0.004445	0.004445	0.004445	0.004445	0.004445	0.004445	0.386914	0.004445	0.004445	0.004445	0.555306
63	0.004445	0.004445	0.004445	0.004445	0.004445	0.004445	0.004445	0.004445	0.004445	0.004445	0.004445	0.004445	0.004445	0.004445	0.937777
64	0.022228	0.022228	0.022228	0.022228	0.022228	0.022228	0.022228	0.022228	0.355398	0.355640	0.022228	0.022228	0.022228	0.022228	0.022228
65	0.022222	0.022222	0.022222	0.022222	0.022222	0.022222	0.022222	0.022222	0.283524	0.022222	0.022222	0.022222	0.022222	0.022222	0.427586
66	0.009524	0.009524	0.009524	0.009524	0.009524	0.009524	0.009524	0.619402	0.256788	0.009524	0.009524	0.009524	0.009524	0.009524	0.009524
67	0.005556	0.183938	0.005556	0.005556	0.005556	0.005556	0.005556	0.170112	0.005556	0.005556	0.579280	0.005556	0.005556	0.005556	0.005556
68	0.002381	0.002381	0.002381	0.002381	0.561344	0.002381	0.234516	0.002381	0.002381	0.002381	0.175566	0.002381	0.002381	0.002381	0.002381
69	0.011112	0.011112	0.011112	0.011112	0.011112	0.011112	0.498184	0.357365	0.011112	0.011112	0.011112	0.011112	0.011112	0.011112	0.011112
70	0.004167	0.321013	0.004167	0.004167	0.004167	0.004167	0.004167	0.004167	0.063705	0.004167	0.004167	0.004167	0.004167	0.004167	0.565279
71	0.016668	0.016668	0.016668	0.016668	0.016668	0.016668	0.016668	0.016668	0.016668	0.016668	0.766655	0.016668	0.016668	0.016668	0.016668
72	0.006668	0.145577	0.006668	0.006668	0.006668	0.386548	0.006668	0.006668	0.136170	0.006668	0.106784	0.158238	0.006668	0.006668	0.006668
73	0.003334	0.003334	0.003334	0.003334	0.539842	0.003334	0.003334	0.003334	0.003334	0.003334	0.003334	0.003334	0.003334	0.003334	0.416820
74	0.006061	0.006061	0.006061	0.006061	0.334425	0.006061	0.006061	0.006061	0.006061	0.006061	0.125553	0.467287	0.006061	0.006061	0.006061
75	0.098853	0.006061	0.341377	0.006061	0.487037	0.006061	0.006061	0.006061	0.006061	0.006061	0.006061	0.006061	0.006061	0.006061	0.006061
76	0.005129	0.005129	0.005129	0.005129	0.435451	0.005129	0.005129	0.005129	0.005129	0.005129	0.213188	0.289818	0.005129	0.005129	0.005129
77	0.016667	0.016667	0.016667	0.369287	0.016667	0.016667	0.414040	0.016667	0.016667	0.016667	0.016667	0.016667	0.016667	0.016667	0.016667
78	0.004445	0.004445	0.004445	0.004445	0.004445	0.004445	0.004445	0.004445	0.004445	0.004445	0.004445	0.937776	0.004445	0.004445	0.004445
79	0.002778	0.002778	0.002778	0.002778	0.179624	0.002778	0.002778	0.002778	0.002778	0.002778	0.002778	0.002778	0.002778	0.002778	0.784259
80	0.523203	0.013333	0.013333	0.013333	0.013333	0.303462	0.013333	0.013333	0.013333	0.013333	0.013333	0.013333	0.013333	0.013333	0.013333
81	0.468256	0.016667	0.315071	0.016667	0.016667	0.016667	0.016667	0.016667	0.016667	0.016667	0.016667	0.016667	0.016667	0.016667	0.016667
82	0.006061	0.198498	0.006061	0.006061	0.006061	0.006061	0.006061	0.006061	0.006061	0.006061	0.006061	0.006061	0.006061	0.006061	0.722710
83	0.168656	0.100652	0.002899	0.002899	0.002899	0.215391	0.194594	0.002899	0.002899	0.002899	0.291719	0.002899	0.002899	0.002899	0.002899
84	0.004445	0.004445	0.004445	0.004445	0.004445	0.132130	0.004445	0.004445	0.004445	0.004445	0.232164	0.268914	0.004445	0.004445	0.317901
85	0.011112	0.011112	0.177708	0.011112	0.011112	0.011112	0.011112	0.011112	0.511152	0.177792	0.011112	0.011112	0.011112	0.011112	0.011112
86	0.007408	0.007408	0.149117	0.007408	0.007408	0.007408	0.526474	0.007408	0.007408	0.235514	0.007408	0.007408	0.007408	0.007408	0.007408
87	0.003509	0.003509	0.322259	0.003509	0.398001	0.003509	0.003509	0.003509	0.003509	0.003509	0.237632	0.003509	0.003509	0.003509	0.003509
88	0.006667	0.006667	0.006667	0.006667	0.006667	0.228014	0.006667	0.006667	0.006667	0.006667	0.006667	0.685317	0.006667	0.006667	0.006667
89	0.229574	0.002564	0.002564	0.046288	0.002564	0.043534	0.002564	0.002564	0.063658	0.002564	0.002564	0.591303	0.002564	0.002564	0.002564
90	0.542802	0.006061	0.006061	0.006061	0.006061	0.006061	0.006061	0.006061	0.378406	0.006061	0.006061	0.006061	0.006061	0.006061	0.006061
91	0.006667	0.006667	0.006667	0.006667	0.432903	0.006667	0.006667	0.480421	0.006667	0.006667	0.006667	0.006667	0.006667	0.006667	0.006667
92	0.006667	0.006667	0.006667	0.006667	0.551293	0.006667	0.006667	0.006667	0.362038	0.006667	0.006667	0.006667	0.006667	0.006667	0.006667
93	0.009524	0.009524	0.009524	0.009524	0.009524	0.162714	0.009524	0.009524	0.295259	0.009524	0.427735	0.009524	0.009524	0.009524	0.009524
94	0.011111	0.011111	0.011111	0.011111	0.511123	0.011111	0.011111	0.011111	0.011111	0.344428	0.011111	0.011111	0.011111	0.011111	0.011111
95	0.003334	0.003334	0.003334	0.003334	0.564978	0.054534	0.003334	0.003334	0.003334	0.003334	0.003334	0.340486	0.003334	0.003334	0.003334
96	0.006669	0.202989	0.006669	0.006669	0.305988	0.006669	0.006669	0.006669	0.006669	0.006669	0.006669	0.006669	0.006669	0.006669	0.411001
97	0.003509	0.003509	0.003509	0.185390	0.536473	0.003509	0.003509	0.236026	0.003509	0.003509	0.003509	0.003509	0.003509	0.003509	0.003509
98	0.006667	0.006667	0.006667	0.006667	0.006667	0.006667	0.006667	0.006667	0.006667	0.006667	0.006667	0.006667	0.006667	0.006667	0.906666
99	0.011111	0.011111	0.011111	0.011111	0.011111	0.011111	0.011111	0.011111	0.011111	0.011111	0.011111	0.011111	0.011111	0.011111	0.844443
100	0.006667	0.006667	0.006667	0.588430	0.006667	0.006667	0.006667	0.006667	0.324902	0.006667	0.006667	0.006667	0.006667	0.006667	0.006667
101	0.730332	0.005556	0.005556	0.005556	0.005556	0.005556	0.005556	0.005556	0.005556	0.005556	0.113499	0.005556	0.005556	0.089499	0.005556
102	0.011111	0.011111	0.011111	0.011111	0.011111	0.011111	0.011111	0.844443	0.011111	0.011111	0.011111	0.011111	0.011111	0.011111	0.011111
103	0.009525	0.009525	0.009525	0.009525	0.009525	0.009525	0.009525	0.009525	0.009525	0.009525	0.554105	0.009525	0.009525	0.009525	0.322072
104	0.009524	0.009524	0.009524	0.009524	0.009524	0.009524	0.009524	0.009524	0.009524	0.286046	0.590140	0.009524	0.009524	0.009524	0.009524
105	0.005556	0.005556	0.005556	0.005556	0.005556	0.005556	0.005556	0.005556	0.005556	0.005556	0.922220	0.005556	0.005556	0.005556	0.005556
106	0.009524	0.009524	0.429818	0.009524	0.009524	0.009524	0.009524	0.009524	0.009524	0.009524	0.009524	0.446366	0.009524	0.009524	0.009524
107	0.007408	0.007408	0.007408	0.007408	0.007408	0.145564	0.647022	0.007408	0.007408	0.007408	0.007408	0.007408	0.007408	0.118521	0.007408
108	0.478328	0.008333	0.008333	0.008333	0.008333	0.413337	0.008333	0.008333	0.008333	0.008333	0.008333	0.008333	0.008333	0.008334	0.008333
109	0.003704	0.003704	0.003704	0.003704	0.639585	0.003704	0.003704	0.003704	0.003704	0.003704	0.003704	0.312263	0.003704	0.003704	0.003704
110	0.016667	0.016667	0.016667	0.016667	0.016667	0.275609	0.507722	0.016667	0.016667	0.016667	0.016667	0.016667	0.016667	0.016667	0.016667
111	0.009524	0.009524	0.009524	0.009524	0.009524	0.009524	0.009524	0.009524	0.009524	0.009524	0.009524	0.866664	0.009524	0.009524	0.009524
112	0.130093	0.301769	0.006667	0.006667	0.006667	0.006667	0.006667	0.006667	0.200890	0.006667	0.006667	0.006667	0.006667	0.006667	0.293913
113	0.004167	0.004167	0.004167	0.004167	0.004167	0.004167	0.004167	0.097680	0.287370	0.004167	0.447360	0.004167	0.004167	0.004167	0.121755
114	0.022222	0.022222	0.022222	0.688888	0.022222	0.022222	0.022222	0.022222	0.022222	0.022222	0.022222	0.022222	0.022222	0.022222	0.022222
115	0.005129	0.005129	0.005129	0.005129	0.468763	0.005129	0.151381	0.005129	0.173500	0.005129	0.149937	0.005129	0.005129	0.005129	0.005129
116	0.009524	0.009524	0.009524	0.866663	0.009524	0.009524	0.009524	0.009524	0.009524	0.009524	0.009524	0.009524	0.009524	0.009524	0.009524
117	0.007408	0.007408	0.125266	0.007408	0.007408	0.007408	0.007408	0.007408	0.251358	0.007408	0.007408	0.534482	0.007408	0.007408	0.007408
118	0.098238	0.004167	0.004167	0.004167	0.180191	0.004167	0.004167	0.004167	0.198363	0.004167	0.004167	0.004167	0.004167	0.004167	0.477366
119	0.004445	0.004445	0.004445	0.004445	0.004445	0.004445	0.004445	0.004445	0.004445	0.004445	0.004445	0.004445	0.004445	0.004445	0.937777
120	0.003509	0.003509	0.003509	0.003509	0.003509	0.003509	0.003509	0.003509	0.003509	0.003509	0.064698	0.003509	0.003509	0.003509	0.889686
121	0.016667	0.016667	0.016667	0.016667	0.016667	0.016667	0.016667	0.016667	0.766662	0.016667	0.016667	0.016667	0.016667	0.016667	0.016667
122	0.425459	0.005556	0.005556	0.005556	0.005556	0.385272	0.005556	0.005556	0.005556	0.005556	0.005556	0.005556	0.122599	0.005556	0.005556
123	0.009524	0.009524	0.009524	0.009524	0.009524	0.158735	0.009524	0.009524	0.717454	0.009524	0.009524	0.009524	0.009524	0.009524	0.009524
124	0.011112	0.011112	0.011112	0.011112	0.011112	0.011112	0.011112	0.011112	0.011112	0.011112	0.011112	0.011112	0.011112	0.011112	0.844435
125	0.016670	0.016670	0.016670	0.016670	0.016670	0.266546	0.016670	0.016670	0.516749	0.016670	0.016670	0.016670	0.016670	0.016670	0.016670
126	0.007408	0.007408	0.007408	0.007408	0.007408	0.007408	0.007408	0.007408	0.007408	0.007408	0.468632	0.149822	0.007408	0.292655	0.007408
127	0.022222	0.022222	0.022222	0.022222	0.022222	0.022222	0.022222	0.022222	0.688886	0.022222	0.022222	0.022222	0.022222	0.022222	0.022222
128	0.004445	0.004445	0.004445	0.004445	0.128284	0.004445	0.004445	0.004445	0.004445	0.004445	0.566965	0.004445	0.115336	0.140520	0.004445
129	0.005128	0.005128	0.005128	0.005128	0.569287	0.005128	0.005128	0.005128	0.364043	0.005128	0.005128	0.005128	0.005128	0.005128	0.005128
130	0.278079	0.005556	0.005556	0.005556	0.005556	0.157809	0.114662	0.005556	0.102298	0.005556	0.005556	0.005556	0.005556	0.291590	0.005556
131	0.033333	0.033333	0.033333	0.033333	0.033333	0.033333	0.033333	0.033333	0.533332	0.033333	0.033333	0.033333	0.033333	0.033333	0.033333
132	0.004762	0.004762	0.004762	0.004762	0.004762	0.075356	0.004762	0.719144	0.004762	0.004762	0.148354	0.004762	0.004762	0.004762	0.004762
133	0.004763	0.004763	0.089392	0.004763	0.004763	0.087754	0.004763	0.004763	0.004763	0.004763	0.765703	0.004763	0.004763	0.004763	0.004763
134	0.534110	0.006667	0.006667	0.261079	0.006667	0.006667	0.006667	0.006667	0.006667	0.006667	0.124808	0.006667	0.006667	0.006667	0.006667
135	0.510706	0.003922	0.003922	0.003922	0.135348	0.003922	0.003922	0.003922	0.003922	0.003922	0.117772	0.003922	0.003922	0.003922	0.193032
136	0.003922	0.003922	0.003922	0.003922	0.003922	0.003922	0.003922	0.003922	0.003922	0.428615	0.003922	0.520399	0.003922	0.003922	0.003922
137	0.054879	0.003175	0.003175	0.003175	0.003175	0.003175	0.451342	0.003175	0.003175	0.003175	0.003175	0.455682	0.003175	0.003175	0.003175
138	0.005556	0.005556	0.005556	0.005556	0.478263	0.005556	0.005556	0.207278	0.005556	0.005556	0.005556	0.005556	0.247788	0.005556	0.005556
139	0.016667	0.547770	0.016667	0.016667	0.016667	0.235561	0.016667	0.016667	0.016667	0.016667	0.016667	0.016667	0.016667	0.016667	0.016667
140	0.281970	0.180250	0.006668	0.006668	0.006668	0.006668	0.006668	0.006668	0.006668	0.006668	0.123271	0.006668	0.241260	0.006668	0.106573
141	0.011111	0.011111	0.011111	0.011111	0.011111	0.011111	0.011111	0.844444	0.011111	0.011111	0.011111	0.011111	0.011111	0.011111	0.011111
142	0.033333	0.033333	0.033333	0.033333	0.533332	0.033333	0.033333	0.033333	0.033333	0.033333	0.033333	0.033334	0.033333	0.033333	0.033333
143	0.369803	0.006063	0.006063	0.096723	0.006063	0.006063	0.006063	0.006063	0.187940	0.006063	0.006063	0.278842	0.006063	0.006063	0.006063
144	0.016667	0.016667	0.016667	0.016667	0.016667	0.016667	0.016667	0.016667	0.016667	0.016667	0.509811	0.273514	0.016667	0.016667	0.016667
145	0.006061	0.006061	0.006061	0.006061	0.006061	0.006061	0.006061	0.120140	0.006061	0.006061	0.801071	0.006061	0.006061	0.006061	0.006061
146	0.033333	0.033333	0.033333	0.033333	0.033333	0.033333	0.033333	0.033333	0.533332	0.033333	0.033333	0.033333	0.033333	0.033333	0.033333
147	0.005557	0.005557	0.005557	0.005557	0.628782	0.005557	0.005557	0.298983	0.005557	0.005557	0.005557	0.005557	0.005557	0.005557	0.005557
148	0.013334	0.013334	0.013334	0.013334	0.013334	0.013334	0.013334	0.013334	0.210172	0.013334	0.013334	0.227447	0.013334	0.402376	0.013334
149	0.813329	0.013334	0.013334	0.013334	0.013334	0.013334	0.013334	0.013334	0.013334	0.013334	0.013334	0.013334	0.013334	0.013334	0.013334
150	0.008334	0.008334	0.008334	0.008334	0.008334	0.008334	0.008334	0.008334	0.008334	0.008334	0.008334	0.883329	0.008334	0.008334	0.008334
151	0.005128	0.005128	0.005128	0.005128	0.005128	0.005128	0.005128	0.005128	0.005128	0.005128	0.673744	0.005128	0.259587	0.005128	0.005128
152	0.016667	0.016667	0.016667	0.016667	0.016667	0.516246	0.016667	0.016667	0.267084	0.016667	0.016667	0.016667	0.016667	0.016667	0.016667
153	0.005556	0.005556	0.005556	0.005556	0.005556	0.005556	0.005556	0.005556	0.005556	0.005556	0.117470	0.810305	0.005556	0.005556	0.005556
154	0.008336	0.008336	0.008336	0.008336	0.008336	0.736504	0.008336	0.008336	0.008336	0.008336	0.008336	0.008336	0.008336	0.008336	0.155129
155	0.022222	0.022222	0.022222	0.022222	0.022222	0.022222	0.022222	0.022222	0.688886	0.022222	0.022222	0.022222	0.022222	0.022222	0.022222
156	0.005128	0.005128	0.005128	0.005128	0.928201	0.005128	0.005129	0.005128	0.005128	0.005128	0.005128	0.005128	0.005128	0.005128	0.005128
157	0.109967	0.005556	0.142720	0.005556	0.005556	0.005556	0.005556	0.005556	0.163788	0.005556	0.283332	0.005556	0.005556	0.244636	0.005556
158	0.318430	0.004167	0.004167	0.004167	0.004167	0.004167	0.004167	0.004167	0.004167	0.004167	0.004167	0.556815	0.004167	0.074752	0.004167
159	0.013334	0.013334	0.413317	0.013334	0.013334	0.013334	0.013334	0.013334	0.013334	0.013334	0.013334	0.013334	0.413344	0.013334	0.013334
160	0.006061	0.006061	0.006061	0.006061	0.006061	0.006061	0.006061	0.006061	0.006061	0.006061	0.006061	0.915150	0.006061	0.006061	0.006061
161	0.003922	0.003922	0.003922	0.003922	0.003922	0.003922	0.089121	0.003922	0.003922	0.003922	0.612031	0.251784	0.003922	0.003922	0.003922
162	0.011112	0.011112	0.011112	0.011112	0.011112	0.212079	0.011112	0.011112	0.361218	0.011112	0.293365	0.011112	0.011112	0.011112	0.011112
163	0.915146	0.006061	0.006061	0.006061	0.006061	0.006061	0.006061	0.006061	0.006061	0.006061	0.006061	0.006061	0.006061	0.006061	0.006061
164	0.011111	0.011111	0.011111	0.011111	0.251504	0.011111	0.604046	0.011111	0.011112	0.011111	0.011111	0.011111	0.011111	0.011111	0.011111
165	0.022222	0.022222	0.022222	0.022222	0.338603	0.022222	0.022222	0.022222	0.022222	0.022222	0.022222	0.022222	0.372507	0.022222	0.022222
166	0.006667	0.006667	0.006667	0.006667	0.432842	0.006667	0.006667	0.480482	0.006667	0.006667	0.006667	0.006667	0.006667	0.006667	0.006667
167	0.005556	0.005556	0.005556	0.005556	0.277271	0.005556	0.005556	0.005556	0.255554	0.005556	0.400505	0.005556	0.005556	0.005556	0.005556
168	0.008333	0.008333	0.008333	0.008333	0.008333	0.883331	0.008333	0.008333	0.008333	0.008333	0.008333	0.008333	0.008333	0.008333	0.008333
169	0.327990	0.011111	0.011111	0.011111	0.011111	0.011111	0.011111	0.011111	0.011111	0.011111	0.011111	0.011111	0.527564	0.011111	0.011111
170	0.006061	0.006061	0.006061	0.006061	0.915148	0.006061	0.006061	0.006061	0.006061	0.006061	0.006061	0.006061	0.006061	0.006061	0.006061
171	0.033333	0.033333	0.033333	0.033333	0.033333	0.033333	0.533332	0.033333	0.033333	0.033333	0.033333	0.033333	0.033333	0.033333	0.033333
172	0.003510	0.064116	0.003510	0.003510	0.129820	0.052536	0.003510	0.003510	0.003510	0.103151	0.003510	0.081331	0.537459	0.003510	0.003510
173	0.009524	0.009524	0.009524	0.009524	0.009524	0.009524	0.009524	0.009524	0.009524	0.009524	0.009524	0.009524	0.009524	0.152344	0.723838
174	0.004445	0.004445	0.004445	0.004445	0.004445	0.142993	0.004445	0.004445	0.004445	0.098756	0.004445	0.288031	0.421323	0.004445	0.004445
175	0.109375	0.007408	0.007408	0.007408	0.007408	0.249242	0.007408	0.007408	0.007408	0.007408	0.552492	0.007408	0.007408	0.007408	0.007408
176	0.006061	0.006061	0.006061	0.235043	0.006061	0.230693	0.006061	0.006061	0.461534	0.006061	0.006061	0.006061	0.006061	0.006061	0.006061
177	0.143095	0.006669	0.006669	0.006669	0.149849	0.159413	0.359769	0.006669	0.006669	0.121183	0.006669	0.006669	0.006669	0.006669	0.006669
178	0.005128	0.005129	0.274092	0.005128	0.005128	0.005128	0.005128	0.005128	0.005129	0.005128	0.438289	0.226078	0.005128	0.005128	0.005128
179	0.286117	0.013333	0.013333	0.013333	0.013333	0.013333	0.013333	0.013333	0.540548	0.013333	0.013333	0.013333	0.013333	0.013333	0.013333
180	0.321749	0.003334	0.003334	0.003334	0.376014	0.003334	0.003334	0.003334	0.111565	0.003334	0.003334	0.154001	0.003334	0.003334	0.003334
181	0.333496	0.006062	0.006062	0.006062	0.587701	0.006062	0.006062	0.006062	0.006062	0.006062	0.006062	0.006062	0.006062	0.006062	0.006062
182	0.210760	0.106426	0.006667	0.006667	0.006667	0.006667	0.006667	0.006667	0.118286	0.006667	0.006667	0.491191	0.006667	0.006667	0.006667
183	0.003031	0.003031	0.003031	0.003031	0.202109	0.003031	0.326847	0.003031	0.003031	0.003031	0.120124	0.317582	0.003031	0.003031	0.003031
184	0.509761	0.002899	0.002899	0.095238	0.170118	0.042530	0.002899	0.002899	0.002899	0.002899	0.002899	0.002899	0.153362	0.002899	0.002899
185	0.004445	0.004445	0.276030	0.004445	0.308026	0.004445	0.004445	0.362608	0.004445	0.004445	0.004445	0.004445	0.004445	0.004445	0.004445
186	0.016667	0.016667	0.016667	0.016667	0.016667	0.016667	0.016667	0.016667	0.766666	0.016667	0.016667	0.016667	0.016667	0.016667	0.016667
187	0.004445	0.004445	0.004445	0.004445	0.004445	0.004445	0.004445	0.004445	0.004445	0.004445	0.004445	0.937776	0.004445	0.004445	0.004445
188	0.191547	0.104830	0.123209	0.004762	0.004762	0.004762	0.287773	0.004762	0.004762	0.245019	0.004762	0.004762	0.004762	0.004762	0.004762
189	0.004168	0.004168	0.004168	0.004168	0.004168	0.004168	0.004168	0.004168	0.502657	0.004168	0.004168	0.218541	0.228790	0.004168	0.004168
190	0.013334	0.013334	0.013334	0.013334	0.013334	0.013334	0.013334	0.013334	0.613352	0.213308	0.013334	0.013334	0.013334	0.013334	0.013334
191	0.016667	0.016667	0.016667	0.016667	0.766661	0.016667	0.016667	0.016667	0.016667	0.016667	0.016667	0.016667	0.016667	0.016667	0.016667
192	0.033335	0.033335	0.033335	0.033335	0.033335	0.033335	0.033335	0.033335	0.533311	0.033335	0.033335	0.033335	0.033335	0.033335	0.033335
194	0.007408	0.007408	0.007408	0.007408	0.007408	0.007408	0.896293	0.007408	0.007408	0.007408	0.007408	0.007408	0.007408	0.007408	0.007408
195	0.007408	0.007408	0.140246	0.007408	0.007408	0.007408	0.007408	0.007408	0.007408	0.007408	0.007408	0.007408	0.763453	0.007408	0.007408
196	0.022223	0.022223	0.022223	0.022223	0.022223	0.392560	0.318543	0.022223	0.022223	0.022223	0.022223	0.022223	0.022223	0.022223	0.022223
197	0.562800	0.083965	0.213134	0.004762	0.004762	0.004762	0.004762	0.004762	0.004762	0.004762	0.004762	0.004762	0.004762	0.087716	0.004762
198	0.007408	0.007408	0.007408	0.007408	0.768125	0.007408	0.007408	0.007408	0.007408	0.007408	0.135569	0.007408	0.007408	0.007408	0.007408
199	0.013334	0.013334	0.013334	0.013334	0.013334	0.013334	0.013334	0.013334	0.210373	0.013334	0.013334	0.227318	0.013334	0.402305	0.013334
200	0.009524	0.009524	0.009524	0.009524	0.009524	0.009524	0.009524	0.619317	0.256873	0.009524	0.009524	0.009524	0.009524	0.009524	0.009524
202	0.177778	0.011111	0.011111	0.011111	0.011111	0.011111	0.011111	0.011111	0.011111	0.011111	0.677777	0.011111	0.011111	0.011111	0.011111
203	0.283484	0.002778	0.130111	0.002778	0.002778	0.051879	0.386456	0.002778	0.070110	0.002778	0.052959	0.002778	0.002778	0.002778	0.002778
204	0.008334	0.008334	0.008334	0.008334	0.008334	0.008334	0.008334	0.008334	0.325204	0.008334	0.243590	0.008334	0.008334	0.153642	0.185889
205	0.006061	0.006061	0.006061	0.006061	0.006061	0.006061	0.006061	0.006061	0.006061	0.006061	0.256396	0.402975	0.006061	0.267900	0.006061
206	0.022222	0.022222	0.022222	0.022222	0.022222	0.022222	0.022222	0.022222	0.688886	0.022222	0.022222	0.022222	0.022222	0.022222	0.022222
207	0.007408	0.007408	0.007408	0.007408	0.007408	0.007408	0.007408	0.120821	0.007408	0.390588	0.007408	0.113308	0.293796	0.007408	0.007408
208	0.006667	0.006667	0.006667	0.006667	0.787382	0.125949	0.006667	0.006667	0.006667	0.006667	0.006667	0.006667	0.006667	0.006667	0.006667
209	0.008333	0.008333	0.008333	0.008333	0.008333	0.400891	0.008333	0.008333	0.008333	0.008333	0.008333	0.008333	0.490774	0.008333	0.008333
210	0.007407	0.007407	0.007408	0.007407	0.007408	0.007407	0.557147	0.007407	0.007407	0.007407	0.007407	0.346555	0.007407	0.007407	0.007408
211	0.016667	0.766665	0.016667	0.016667	0.016667	0.016667	0.016667	0.016667	0.016667	0.016667	0.016667	0.016667	0.016667	0.016667	0.016667
212	0.022223	0.022223	0.688876	0.022223	0.022223	0.022223	0.022223	0.022223	0.022223	0.022223	0.022223	0.022223	0.022223	0.022223	0.022223
213	0.004762	0.004762	0.004762	0.088931	0.004762	0.004762	0.004762	0.294970	0.250893	0.004762	0.004762	0.095943	0.004762	0.004762	0.221641
214	0.009524	0.009524	0.009524	0.009524	0.260036	0.009524	0.009524	0.009524	0.616148	0.009524	0.009524	0.009524	0.009524	0.009524	0.009524
216	0.013334	0.013334	0.013334	0.013334	0.013334	0.413247	0.013334	0.013334	0.413415	0.013334	0.013334	0.013334	0.013334	0.013334	0.013334
217	0.016667	0.016667	0.016667	0.016667	0.766665	0.016667	0.016667	0.016667	0.016667	0.016667	0.016667	0.016667	0.016667	0.016667	0.016667
218	0.090482	0.005556	0.005556	0.005556	0.746842	0.005556	0.005556	0.005556	0.005556	0.005556	0.005556	0.005556	0.005556	0.005556	0.096005
219	0.009525	0.009525	0.009525	0.295284	0.009525	0.009525	0.009525	0.009525	0.162322	0.009525	0.152315	0.009525	0.009525	0.009525	0.285301
220	0.740135	0.008334	0.008334	0.008334	0.008334	0.008334	0.008334	0.008334	0.008334	0.008334	0.008334	0.008334	0.008334	0.008334	0.151525
221	0.005129	0.005129	0.005129	0.005129	0.144577	0.005129	0.005129	0.005129	0.005129	0.005129	0.260474	0.005129	0.533401	0.005129	0.005129
222	0.003922	0.003922	0.003922	0.003922	0.003922	0.065899	0.003922	0.407064	0.003922	0.003922	0.003922	0.003922	0.003922	0.003922	0.479976
223	0.599268	0.007409	0.007409	0.007409	0.007409	0.007409	0.007409	0.007409	0.007409	0.007409	0.007409	0.007409	0.121373	0.007409	0.190453
224	0.011111	0.011111	0.186252	0.011111	0.011111	0.011111	0.011111	0.011111	0.328437	0.011111	0.011111	0.351974	0.011111	0.011111	0.011111
225	0.013333	0.013333	0.013333	0.013333	0.013333	0.013333	0.013333	0.813332	0.013333	0.013333	0.013333	0.013333	0.013333	0.013333	0.013333
226	0.013334	0.013334	0.013334	0.013334	0.013334	0.013334	0.013334	0.013334	0.013334	0.013334	0.013334	0.013334	0.013334	0.601444	0.225219
227	0.844435	0.011112	0.011112	0.011112	0.011112	0.011112	0.011112	0.011112	0.011112	0.011112	0.011112	0.011112	0.011112	0.011112	0.011112
228	0.005129	0.005129	0.205354	0.005129	0.005129	0.005129	0.005129	0.005129	0.005129	0.005129	0.197158	0.535945	0.005129	0.005129	0.005129
229	0.516668	0.016667	0.016667	0.016667	0.016667	0.266664	0.016667	0.016667	0.016667	0.016667	0.016667	0.016667	0.016667	0.016667	0.016667
230	0.022222	0.022222	0.022222	0.022222	0.022222	0.385473	0.022222	0.022222	0.325636	0.022222	0.022222	0.022222	0.022222	0.022222	0.022222
231	0.003334	0.003334	0.156045	0.003334	0.003334	0.003334	0.003334	0.003334	0.124280	0.067037	0.003334	0.003334	0.615964	0.003334	0.003334
232	0.192559	0.004762	0.004762	0.004762	0.305960	0.004762	0.004762	0.004762	0.004762	0.147620	0.206146	0.004762	0.004762	0.004762	0.100091
233	0.640906	0.013333	0.013333	0.013333	0.013333	0.013333	0.013333	0.013333	0.013333	0.013333	0.013333	0.013333	0.013333	0.185760	0.013333
234	0.168195	0.007409	0.100746	0.007409	0.007409	0.007409	0.007409	0.007409	0.204553	0.123787	0.328634	0.007409	0.007409	0.007409	0.007409
235	0.011111	0.011111	0.011111	0.427506	0.011111	0.011111	0.011111	0.011111	0.011111	0.428048	0.011111	0.011111	0.011111	0.011111	0.011111
236	0.006667	0.006667	0.006667	0.006667	0.006667	0.006667	0.006667	0.006667	0.006667	0.006667	0.006667	0.006667	0.006667	0.006667	0.906665
237	0.766664	0.016667	0.016667	0.016667	0.016667	0.016667	0.016667	0.016667	0.016667	0.016667	0.016667	0.016667	0.016667	0.016667	0.016667
238	0.675558	0.011111	0.011111	0.011111	0.011111	0.179995	0.011111	0.011111	0.011111	0.011111	0.011111	0.011111	0.011111	0.011111	0.011111
239	0.005129	0.319123	0.005129	0.005129	0.127586	0.005129	0.005129	0.005129	0.005129	0.005129	0.491748	0.005129	0.005129	0.005129	0.005129
240	0.008334	0.008334	0.008334	0.008334	0.008334	0.008334	0.008334	0.008334	0.468209	0.423453	0.008334	0.008334	0.008334	0.008334	0.008334
241	0.005557	0.005557	0.005557	0.005557	0.005557	0.005557	0.005557	0.590398	0.005557	0.005557	0.214453	0.005557	0.005557	0.128469	0.005557
242	0.033333	0.033333	0.033333	0.033333	0.033334	0.033333	0.033333	0.033334	0.533331	0.033333	0.033333	0.033334	0.033333	0.033333	0.033334
243	0.231255	0.117115	0.006667	0.006667	0.006667	0.006667	0.006667	0.006667	0.006667	0.006667	0.006667	0.571626	0.006667	0.006667	0.006667
244	0.377734	0.009524	0.009524	0.009524	0.009524	0.153157	0.009524	0.009524	0.354821	0.009524	0.009524	0.009524	0.009524	0.009524	0.009524
245	0.007408	0.246649	0.007408	0.007408	0.007408	0.007408	0.007408	0.007408	0.007408	0.007408	0.371727	0.292722	0.007408	0.007408	0.007408
246	0.004167	0.004167	0.072969	0.004167	0.449579	0.004167	0.004167	0.004167	0.004167	0.004167	0.004167	0.427449	0.004167	0.004167	0.004167
247	0.003510	0.003510	0.003510	0.003510	0.144167	0.003510	0.003510	0.003510	0.003510	0.003510	0.282701	0.003510	0.003510	0.003510	0.531014
248	0.013333	0.013333	0.013333	0.425985	0.013333	0.013333	0.013333	0.013333	0.013333	0.013333	0.400681	0.013333	0.013333	0.013333	0.013333
249	0.022222	0.022222	0.022222	0.022222	0.022222	0.022222	0.022222	0.022222	0.022222	0.688886	0.022222	0.022222	0.022222	0.022222	0.022222
250	0.008334	0.008334	0.008334	0.752050	0.008334	0.139609	0.008334	0.008334	0.008334	0.008334	0.008334	0.008334	0.008334	0.008334	0.008334
251	0.011113	0.011113	0.011113	0.011113	0.011113	0.382832	0.011113	0.011113	0.011113	0.011113	0.292998	0.190818	0.011113	0.011113	0.011113
252	0.008334	0.008334	0.008334	0.008334	0.008334	0.008334	0.008334	0.160514	0.441530	0.008334	0.297951	0.008334	0.008334	0.008334	0.008334
254	0.270432	0.003704	0.003704	0.003704	0.003704	0.003704	0.003704	0.003704	0.003704	0.003704	0.681413	0.003704	0.003704	0.003704	0.003704
255	0.171554	0.003334	0.003334	0.003334	0.717483	0.003334	0.003334	0.003334	0.070960	0.003334	0.003334	0.003334	0.003334	0.003334	0.003334
256	0.022223	0.022223	0.022223	0.022223	0.022223	0.022223	0.022223	0.022223	0.432131	0.022223	0.022223	0.022223	0.022223	0.278975	0.022223
257	0.502214	0.016667	0.016667	0.016667	0.016667	0.016667	0.016667	0.016667	0.016667	0.016667	0.016667	0.016667	0.281116	0.016667	0.016667
258	0.003334	0.003334	0.003334	0.003334	0.161210	0.003334	0.003334	0.003334	0.003334	0.003334	0.003334	0.003334	0.003334	0.003334	0.795453
259	0.006061	0.006061	0.006061	0.006061	0.006061	0.250535	0.006061	0.006061	0.455734	0.006061	0.006061	0.220998	0.006061	0.006061	0.006061
260	0.033333	0.033333	0.033333	0.033333	0.533332	0.033333	0.033333	0.033333	0.033333	0.033333	0.033333	0.033334	0.033333	0.033333	0.033333
261	0.005556	0.005556	0.005556	0.185749	0.492672	0.005556	0.005556	0.005556	0.005556	0.005556	0.254910	0.005556	0.005556	0.005556	0.005556
262	0.450951	0.011111	0.011111	0.011111	0.011111	0.011111	0.011111	0.011111	0.011111	0.206150	0.011111	0.011111	0.209562	0.011111	0.011111
263	0.006061	0.006061	0.006061	0.006061	0.006061	0.006061	0.155507	0.006061	0.006061	0.006061	0.006061	0.006061	0.006061	0.006061	0.765700
264	0.003704	0.003704	0.645262	0.003704	0.003704	0.003704	0.003704	0.003704	0.003704	0.062872	0.003704	0.003704	0.247418	0.003704	0.003704
265	0.016668	0.016668	0.016668	0.016668	0.016668	0.016668	0.016668	0.766648	0.016668	0.016668	0.016668	0.016668	0.016668	0.016668	0.016668
266	0.007408	0.007408	0.007408	0.007408	0.007408	0.007408	0.007408	0.007408	0.233275	0.007408	0.670426	0.007408	0.007408	0.007408	0.007408
267	0.688872	0.022223	0.022223	0.022223	0.022223	0.022223	0.022223	0.022223	0.022223	0.022223	0.022223	0.022223	0.022223	0.022223	0.022223
268	0.016667	0.016667	0.016667	0.016667	0.016667	0.016667	0.016667	0.016667	0.266668	0.516662	0.016667	0.016667	0.016667	0.016667	0.016667
269	0.011111	0.011111	0.011111	0.011111	0.011111	0.011111	0.011111	0.011111	0.511245	0.344308	0.011111	0.011111	0.011111	0.011111	0.011111
270	0.022223	0.022223	0.022223	0.022223	0.022223	0.022223	0.688883	0.022223	0.022223	0.022223	0.022223	0.022223	0.022223	0.022223	0.022223
271	0.004445	0.004445	0.135717	0.004445	0.228389	0.154513	0.004445	0.004445	0.004445	0.004445	0.004445	0.004445	0.432489	0.004445	0.004445
272	0.266673	0.016667	0.016667	0.266675	0.016667	0.266644	0.016667	0.016667	0.016667	0.016667	0.016667	0.016667	0.016667	0.016667	0.016667
273	0.013334	0.013334	0.013334	0.013334	0.013334	0.013334	0.013334	0.013334	0.210340	0.013334	0.013334	0.227340	0.013334	0.402315	0.013334
274	0.009524	0.009524	0.009524	0.580953	0.009524	0.009524	0.009524	0.009524	0.295237	0.009524	0.009524	0.009524	0.009524	0.009524	0.009524
275	0.022222	0.022222	0.022222	0.022222	0.022222	0.022222	0.022222	0.022222	0.022222	0.022222	0.688888	0.022222	0.022222	0.022222	0.022222
276	0.005128	0.005128	0.005128	0.005128	0.005128	0.148457	0.005128	0.005128	0.005128	0.005128	0.394656	0.005128	0.005128	0.005128	0.395348
277	0.033333	0.033333	0.033333	0.033333	0.033333	0.033333	0.033333	0.033333	0.533332	0.033333	0.033333	0.033333	0.033333	0.033333	0.033333
278	0.005129	0.005129	0.248263	0.005129	0.005129	0.005129	0.005129	0.005129	0.005129	0.112529	0.005129	0.005129	0.577660	0.005129	0.005129
279	0.022223	0.022223	0.022223	0.022223	0.022223	0.022223	0.022223	0.022223	0.022223	0.022223	0.022223	0.355558	0.022223	0.355546	0.022223
280	0.004445	0.004445	0.004445	0.004445	0.004445	0.004445	0.312066	0.004445	0.004445	0.004445	0.234642	0.399951	0.004445	0.004445	0.004445
281	0.009524	0.009524	0.009524	0.009524	0.009524	0.009524	0.009524	0.009524	0.009524	0.009524	0.866666	0.009524	0.009524	0.009524	0.009524
282	0.005129	0.005129	0.005129	0.005129	0.622754	0.005129	0.005129	0.005129	0.310573	0.005129	0.005129	0.005129	0.005129	0.005129	0.005129
283	0.011112	0.011112	0.011112	0.011112	0.011112	0.011112	0.011112	0.011112	0.011112	0.011112	0.844436	0.011112	0.011112	0.011112	0.011112
284	0.766662	0.016667	0.016667	0.016667	0.016667	0.016667	0.016667	0.016667	0.016667	0.016667	0.016667	0.016667	0.016667	0.016667	0.016667
285	0.158285	0.004445	0.070119	0.004445	0.004445	0.004445	0.004445	0.004445	0.093636	0.068543	0.366797	0.202615	0.004445	0.004445	0.004445
286	0.013334	0.013334	0.013334	0.013334	0.013334	0.013334	0.013334	0.013334	0.013334	0.013334	0.013334	0.213336	0.013334	0.613324	0.013334
287	0.533330	0.033334	0.033334	0.033334	0.033334	0.033334	0.033334	0.033334	0.033334	0.033334	0.033334	0.033334	0.033334	0.033334	0.033334
