	dominant_topic	0	1	2	3	4	5	6	7	8	9	10	11	12	13	14	15	16	17
0	16	0.127311	0.004937	0.004146	0.003573	0.003140	0.002800	0.002527	0.002302	0.002114	0.001954	0.001817	0.001698	0.001593	0.001501	0.001419	0.300192	0.535760	0.001218
1	5	0.033547	0.027157	0.022798	0.019650	0.017266	0.765382	0.013895	0.012659	0.011625	0.010747	0.009992	0.009337	0.008762	0.008254	0.007801	0.007396	0.007031	0.006700
2	15	0.004201	0.003394	0.305578	0.002456	0.002158	0.001925	0.001737	0.001582	0.001453	0.001343	0.001249	0.001167	0.001095	0.001032	0.000975	0.666937	0.000879	0.000837
3	15	0.007463	0.006034	0.005067	0.004367	0.003837	0.003422	0.003088	0.002813	0.002583	0.002388	0.002221	0.002075	0.001947	0.001834	0.001734	0.946076	0.001562	0.001489
4	15	0.006398	0.005171	0.004343	0.003743	0.003289	0.002933	0.002647	0.002411	0.002214	0.002047	0.001903	0.001779	0.001669	0.001572	0.283529	0.671735	0.001339	0.001276
5	12	0.044731	0.036217	0.030398	0.026200	0.023021	0.020531	0.018526	0.016878	0.015500	0.014329	0.013323	0.012449	0.678319	0.011005	0.010402	0.009861	0.009374	0.008933
6	15	0.007937	0.006393	0.005365	0.004624	0.004063	0.003623	0.220892	0.002979	0.002735	0.002529	0.002351	0.002197	0.002062	0.001942	0.001836	0.725242	0.001654	0.001576
7	15	0.008388	0.006787	0.005700	0.004913	0.004317	0.003850	0.003474	0.003165	0.002906	0.002687	0.002498	0.002334	0.002191	0.002064	0.287700	0.653594	0.001758	0.001675
8	15	0.005368	0.004344	0.003648	0.003144	0.002763	0.002464	0.002223	0.002025	0.001860	0.001720	0.001599	0.001494	0.001402	0.001321	0.001248	0.961181	0.001125	0.001072
9	5	0.272060	0.013579	0.011400	0.009825	0.008633	0.340869	0.006947	0.006329	0.005812	0.005374	0.004996	0.004669	0.290914	0.004127	0.003901	0.003698	0.003515	0.003350
10	15	0.005597	0.004526	0.003800	0.003275	0.002878	0.002567	0.002316	0.002110	0.001938	0.001791	0.001666	0.001556	0.001460	0.001376	0.001300	0.806836	0.153891	0.001117
11	12	0.016815	0.013575	0.011399	0.009825	0.008633	0.148537	0.006947	0.006329	0.005812	0.005374	0.004996	0.004668	0.738496	0.004127	0.003901	0.003698	0.003515	0.003350
12	16	0.007895	0.006389	0.005365	0.004624	0.133251	0.003623	0.003270	0.002979	0.002735	0.002529	0.002351	0.002197	0.002062	0.001942	0.001836	0.331638	0.483738	0.001577
13	15	0.006398	0.005172	0.203749	0.003743	0.003289	0.002933	0.002647	0.002411	0.002214	0.002047	0.001903	0.001779	0.001669	0.001572	0.001486	0.592294	0.001339	0.163354
14	15	0.138566	0.004178	0.003508	0.003023	0.002656	0.002369	0.002138	0.001948	0.001789	0.001653	0.001537	0.001437	0.001348	0.001270	0.001200	0.829268	0.001082	0.001031
15	15	0.006393	0.005172	0.004344	0.003744	0.003289	0.002934	0.002647	0.002412	0.002215	0.002047	0.001904	0.001779	0.118554	0.001572	0.164619	0.539868	0.135231	0.001276
16	5	0.118955	0.008359	0.007015	0.090964	0.005313	0.650429	0.004275	0.003895	0.003577	0.003307	0.003075	0.002873	0.002696	0.002540	0.086226	0.002276	0.002163	0.002062
17	16	0.016830	0.013577	0.011404	0.009827	0.008635	0.007700	0.006949	0.006331	0.117351	0.005374	0.004997	0.004669	0.004382	0.004128	0.003901	0.003699	0.766896	0.003350
18	17	0.005163	0.004177	0.003508	0.003023	0.002657	0.002369	0.038185	0.001948	0.001789	0.001653	0.001537	0.001437	0.001348	0.001270	0.001200	0.001138	0.001082	0.926517
19	2	0.005610	0.004525	0.527269	0.003275	0.002878	0.002566	0.002316	0.002110	0.001938	0.001791	0.001665	0.001556	0.001460	0.001376	0.001300	0.436076	0.001172	0.001117
20	17	0.053956	0.007240	0.006080	0.005240	0.004605	0.004106	0.003706	0.003376	0.003100	0.002866	0.002665	0.002490	0.002337	0.002201	0.002081	0.288954	0.001875	0.603123
21	4	0.026837	0.021718	0.018239	0.015720	0.614917	0.012319	0.011116	0.010127	0.009300	0.008598	0.007994	0.007470	0.007010	0.006603	0.006241	0.204806	0.005625	0.005360
22	15	0.007901	0.006389	0.067267	0.004624	0.004063	0.104444	0.003270	0.002979	0.002735	0.002529	0.002351	0.002197	0.002062	0.001942	0.001836	0.780181	0.001654	0.001577
23	5	0.022476	0.407365	0.015199	0.013100	0.011511	0.454217	0.009263	0.008439	0.007750	0.007165	0.006662	0.006225	0.005841	0.005503	0.005201	0.004931	0.004687	0.004466
24	15	0.008985	0.007244	0.006080	0.005240	0.004604	0.004106	0.318953	0.003376	0.003100	0.002866	0.002665	0.002490	0.002337	0.002201	0.002080	0.620012	0.001875	0.001787
25	6	0.014984	0.012070	0.010134	0.269384	0.007674	0.006844	0.634328	0.005626	0.005167	0.004777	0.004441	0.004150	0.003894	0.003669	0.003467	0.003287	0.003125	0.002978
26	15	0.008388	0.006787	0.005700	0.004913	0.004317	0.003850	0.003474	0.003165	0.002906	0.002687	0.002498	0.002334	0.002191	0.002064	0.287704	0.653589	0.001758	0.001675
27	16	0.007472	0.006047	0.005068	0.004368	0.003838	0.003422	0.003088	0.002814	0.002584	0.002389	0.002221	0.002075	0.001947	0.001835	0.001734	0.094032	0.653729	0.201338
28	15	0.008437	0.006789	0.005700	0.004913	0.004317	0.003850	0.003474	0.003165	0.002906	0.002687	0.002498	0.002334	0.002191	0.002064	0.133852	0.807391	0.001758	0.001675
29	2	0.022407	0.018106	0.848475	0.013101	0.011511	0.010266	0.009263	0.008439	0.007750	0.007165	0.006662	0.006225	0.005842	0.005503	0.005201	0.004931	0.004687	0.004467
30	15	0.009591	0.007757	0.137644	0.005614	0.004933	0.148682	0.003970	0.003617	0.003321	0.003071	0.002855	0.002668	0.002504	0.002358	0.002229	0.655263	0.002009	0.001914
31	15	0.011193	0.009052	0.275762	0.006551	0.005756	0.005133	0.004632	0.004220	0.003875	0.003583	0.003331	0.003113	0.159819	0.002752	0.002601	0.494048	0.002344	0.002234
32	12	0.009588	0.007757	0.006514	0.005614	0.004933	0.004399	0.003970	0.003617	0.003321	0.003071	0.002855	0.002668	0.779626	0.002358	0.002229	0.153556	0.002009	0.001914
33	17	0.172250	0.008356	0.007015	0.093552	0.005313	0.004738	0.004275	0.003895	0.003577	0.003307	0.003075	0.002873	0.002696	0.002540	0.002400	0.002276	0.191714	0.486148
34	15	0.008954	0.007241	0.006081	0.005241	0.004605	0.151883	0.003706	0.003376	0.003100	0.002866	0.002665	0.002490	0.002337	0.002201	0.002081	0.573520	0.215867	0.001787
35	15	0.008947	0.007239	0.249176	0.005240	0.004604	0.004106	0.003705	0.003376	0.003100	0.002866	0.002665	0.002490	0.002337	0.002201	0.002080	0.692206	0.001875	0.001787
36	15	0.012249	0.009873	0.008291	0.007146	0.295804	0.005600	0.005053	0.004604	0.004228	0.003908	0.003634	0.003395	0.003186	0.003002	0.002837	0.622198	0.002557	0.002436
37	17	0.005372	0.004344	0.337066	0.003144	0.002763	0.002464	0.002223	0.002026	0.001860	0.001720	0.001599	0.001494	0.001402	0.001321	0.001248	0.052897	0.194600	0.382458
38	0	0.826831	0.021720	0.018238	0.015721	0.013813	0.012318	0.011116	0.010127	0.009300	0.008598	0.007994	0.007470	0.007010	0.006603	0.006241	0.005917	0.005625	0.005360
39	15	0.009589	0.007756	0.006514	0.005614	0.004933	0.004400	0.003970	0.003617	0.003321	0.003071	0.002855	0.002668	0.002504	0.002358	0.002229	0.930678	0.002009	0.001914
40	5	0.346726	0.013579	0.011399	0.009825	0.183971	0.377400	0.006947	0.006329	0.005812	0.005374	0.004996	0.004668	0.004381	0.004127	0.003901	0.003698	0.003515	0.003350
41	5	0.012249	0.256824	0.008291	0.102340	0.199404	0.379362	0.005053	0.004604	0.004228	0.003908	0.003634	0.003396	0.003186	0.003002	0.002837	0.002690	0.002557	0.002436
42	15	0.009590	0.154760	0.006514	0.005615	0.004934	0.004400	0.003970	0.003617	0.003322	0.003071	0.002855	0.002668	0.002504	0.002358	0.002229	0.783670	0.002009	0.001914
43	1	0.019194	0.872625	0.013028	0.011229	0.009867	0.008799	0.007940	0.007234	0.006643	0.006141	0.005710	0.005336	0.005007	0.004717	0.004458	0.004226	0.004018	0.003828
44	17	0.085512	0.009052	0.007601	0.006551	0.005756	0.005133	0.004632	0.004220	0.003875	0.003583	0.003331	0.003113	0.002921	0.002752	0.002601	0.002466	0.282339	0.564563
45	17	0.008947	0.007241	0.006080	0.005240	0.004604	0.004106	0.003705	0.003376	0.003100	0.002866	0.002665	0.002490	0.002337	0.002201	0.002080	0.001972	0.001875	0.935115
46	15	0.004979	0.004023	0.097552	0.002911	0.002558	0.002281	0.002059	0.001876	0.001722	0.001592	0.001481	0.001383	0.001298	0.001223	0.001156	0.686660	0.184253	0.000993
47	15	0.009593	0.007758	0.006514	0.005615	0.004933	0.004400	0.003970	0.003617	0.003322	0.003071	0.002855	0.002668	0.002504	0.002358	0.002229	0.696691	0.235989	0.001914
48	15	0.005373	0.004344	0.003648	0.003144	0.002763	0.002464	0.002223	0.002026	0.001860	0.001720	0.001599	0.001494	0.001402	0.001321	0.001248	0.961174	0.001125	0.001072
49	0	0.410922	0.143745	0.015202	0.013103	0.011513	0.329370	0.009265	0.008441	0.007751	0.007166	0.006663	0.006226	0.005842	0.005504	0.005202	0.004932	0.004688	0.004467
50	10	0.006716	0.005431	0.004561	0.003931	0.003454	0.003080	0.002780	0.002532	0.002326	0.002150	0.951979	0.001868	0.001753	0.001651	0.001561	0.001480	0.001406	0.001340
51	1	0.350625	0.541196	0.013028	0.011229	0.009866	0.008799	0.007940	0.007234	0.006643	0.006141	0.005710	0.005335	0.005007	0.004717	0.004458	0.004226	0.004018	0.003828
52	12	0.012238	0.009874	0.008291	0.195905	0.006279	0.005600	0.005053	0.004603	0.004227	0.003908	0.003634	0.003395	0.723471	0.003002	0.002837	0.002690	0.002557	0.002436
53	5	0.323910	0.015514	0.013028	0.011229	0.009867	0.561194	0.007940	0.007234	0.006643	0.006141	0.005710	0.005336	0.005007	0.004717	0.004458	0.004226	0.004018	0.003828
54	0	0.366848	0.005431	0.272164	0.003930	0.003454	0.003080	0.002779	0.002532	0.002325	0.002150	0.001999	0.001868	0.001753	0.001651	0.001560	0.001479	0.323657	0.001340
55	14	0.044846	0.036195	0.030397	0.026200	0.023022	0.020531	0.018526	0.016878	0.015500	0.014329	0.013323	0.012449	0.011683	0.011005	0.676947	0.009861	0.009374	0.008933
56	1	0.033580	0.777106	0.022799	0.019650	0.017266	0.015398	0.013895	0.012659	0.011625	0.010747	0.009993	0.009337	0.008762	0.008254	0.007802	0.007396	0.007031	0.006700
57	16	0.003843	0.003105	0.123098	0.002246	0.001974	0.001760	0.001588	0.001447	0.001329	0.001228	0.001142	0.001067	0.111600	0.000943	0.000892	0.283891	0.458082	0.000766
58	17	0.008947	0.007241	0.006080	0.005240	0.004604	0.004106	0.003705	0.003376	0.003100	0.002866	0.002665	0.002490	0.002337	0.002201	0.002080	0.001972	0.001875	0.935115
59	10	0.008964	0.007248	0.006081	0.005241	0.004605	0.260084	0.003706	0.003376	0.003100	0.002866	0.679985	0.002490	0.002337	0.002201	0.002081	0.001973	0.001875	0.001787
60	2	0.011191	0.009051	0.472554	0.006551	0.005756	0.005134	0.004632	0.004220	0.003876	0.003583	0.003331	0.003113	0.002921	0.002752	0.002601	0.454156	0.002344	0.002234
61	15	0.006396	0.005173	0.230909	0.003743	0.128230	0.002933	0.002647	0.002411	0.002215	0.002047	0.001904	0.001779	0.001669	0.001572	0.001486	0.602270	0.001339	0.001276
62	17	0.008947	0.007239	0.410296	0.005240	0.004604	0.004106	0.003705	0.003376	0.003100	0.002866	0.002665	0.002490	0.002337	0.002201	0.002080	0.001972	0.001875	0.530900
63	17	0.008947	0.007240	0.006080	0.005240	0.004604	0.004106	0.003705	0.003376	0.003100	0.002866	0.002665	0.002490	0.002337	0.002201	0.002080	0.001972	0.001875	0.935116
64	0	0.711147	0.036233	0.030424	0.026221	0.023040	0.020547	0.018541	0.016892	0.015512	0.014341	0.013334	0.012459	0.011692	0.011014	0.010410	0.009869	0.009382	0.008940
65	1	0.044735	0.360731	0.030399	0.026200	0.023022	0.020531	0.018526	0.016878	0.015500	0.014329	0.013323	0.012449	0.011683	0.011005	0.010402	0.009861	0.009374	0.351050
66	12	0.019172	0.015513	0.013027	0.011229	0.009866	0.295163	0.007940	0.007234	0.006643	0.006141	0.005710	0.005335	0.575780	0.004716	0.004458	0.004226	0.004017	0.003828
67	2	0.011187	0.009051	0.820320	0.006550	0.005755	0.005133	0.004632	0.004220	0.003875	0.003582	0.003331	0.003112	0.106858	0.002751	0.002601	0.002465	0.002344	0.002233
68	15	0.004806	0.003879	0.395931	0.002807	0.002467	0.002200	0.001985	0.001808	0.001661	0.001535	0.001428	0.001334	0.001252	0.001179	0.001115	0.572653	0.001004	0.000957
69	0	0.537129	0.018098	0.015202	0.013100	0.011511	0.328827	0.009263	0.008439	0.007750	0.007165	0.006662	0.006225	0.005841	0.005503	0.005201	0.004931	0.004687	0.004467
70	17	0.008407	0.081384	0.005701	0.004913	0.004317	0.003850	0.003474	0.003165	0.002906	0.002687	0.002498	0.002334	0.002191	0.002064	0.001951	0.001849	0.421760	0.444549
71	5	0.283966	0.027173	0.022800	0.019652	0.017267	0.514936	0.013896	0.012660	0.011626	0.010748	0.009993	0.009338	0.008763	0.008254	0.007802	0.007396	0.007031	0.006700
72	6	0.013434	0.010866	0.261692	0.007862	0.006908	0.006161	0.388948	0.005065	0.004651	0.004300	0.003998	0.003736	0.003506	0.003302	0.267120	0.002959	0.002813	0.002680
73	17	0.006731	0.005430	0.004560	0.003930	0.003454	0.003080	0.002779	0.002532	0.002325	0.002150	0.001999	0.001868	0.001753	0.001651	0.001560	0.280242	0.001406	0.672550
74	6	0.012227	0.009874	0.008292	0.007146	0.006279	0.005600	0.629038	0.004604	0.004228	0.003908	0.003634	0.003396	0.003186	0.003002	0.287903	0.002690	0.002557	0.002436
75	16	0.320194	0.009874	0.008291	0.007146	0.006279	0.005600	0.005053	0.004603	0.004227	0.003908	0.003634	0.003395	0.003186	0.003002	0.002837	0.002690	0.603644	0.002436
76	16	0.010330	0.008356	0.007017	0.006048	0.005314	0.004739	0.185017	0.003896	0.003578	0.003307	0.003075	0.002874	0.002697	0.002540	0.002401	0.002276	0.744473	0.002062
77	5	0.033566	0.027159	0.022799	0.019651	0.319678	0.462945	0.013895	0.012659	0.011625	0.010747	0.009993	0.009337	0.008762	0.008254	0.007802	0.007396	0.007031	0.006700
78	15	0.008954	0.007243	0.006081	0.005241	0.004605	0.164996	0.003706	0.003376	0.003100	0.002866	0.002665	0.002490	0.002337	0.002201	0.002081	0.563645	0.212626	0.001787
79	17	0.005599	0.004525	0.062579	0.003275	0.002878	0.002566	0.002316	0.002110	0.001938	0.001791	0.001665	0.001556	0.001460	0.001376	0.001300	0.001233	0.001172	0.900660
80	0	0.826831	0.021720	0.018238	0.015720	0.013813	0.012318	0.011116	0.010127	0.009300	0.008598	0.007994	0.007470	0.007010	0.006603	0.006241	0.005917	0.005625	0.005360
81	1	0.033654	0.777033	0.022798	0.019652	0.017266	0.015398	0.013895	0.012659	0.011625	0.010747	0.009993	0.009337	0.008762	0.008254	0.007802	0.007396	0.007031	0.006700
82	17	0.012204	0.009873	0.008291	0.007146	0.006279	0.005599	0.005053	0.004603	0.004227	0.003908	0.003634	0.003395	0.003186	0.003001	0.002837	0.002689	0.002557	0.911518
83	3	0.005849	0.004724	0.371226	0.488586	0.003003	0.002678	0.002417	0.002202	0.002022	0.001869	0.001738	0.001624	0.001524	0.001436	0.001357	0.001286	0.105296	0.001165
84	6	0.008999	0.163813	0.006080	0.005240	0.004605	0.004106	0.780408	0.003376	0.003100	0.002866	0.002665	0.002490	0.002337	0.002201	0.002080	0.001972	0.001875	0.001787
85	1	0.022460	0.851327	0.015200	0.013101	0.011511	0.010266	0.009264	0.008440	0.007750	0.007165	0.006662	0.006225	0.005842	0.005503	0.005201	0.004931	0.004687	0.004467
86	0	0.383650	0.012071	0.010135	0.008735	0.007675	0.332114	0.006176	0.005627	0.005167	0.004777	0.004442	0.199007	0.003895	0.003669	0.003468	0.003288	0.003125	0.002978
87	16	0.071946	0.005717	0.004800	0.054158	0.003635	0.003242	0.002926	0.002665	0.002448	0.002263	0.002104	0.001966	0.001845	0.001738	0.001643	0.233843	0.601651	0.001411
88	15	0.013420	0.010862	0.009120	0.231362	0.006907	0.006160	0.005558	0.005064	0.004650	0.004299	0.003997	0.003735	0.003505	0.003302	0.003121	0.679446	0.002812	0.002680
89	14	0.122818	0.004179	0.003508	0.003023	0.050094	0.098507	0.232319	0.001948	0.001789	0.001653	0.001537	0.001437	0.001348	0.001270	0.284682	0.187776	0.001082	0.001031
90	5	0.012245	0.449035	0.008292	0.007147	0.006280	0.475470	0.005053	0.004604	0.004228	0.003909	0.003634	0.003396	0.003187	0.003002	0.002837	0.002690	0.002557	0.002437
91	16	0.013445	0.010863	0.009121	0.007861	0.006907	0.088285	0.005559	0.005064	0.004651	0.004299	0.003998	0.003735	0.381027	0.003302	0.003121	0.002959	0.443122	0.002680
92	15	0.013421	0.010861	0.009120	0.007860	0.006907	0.364463	0.005558	0.005064	0.004650	0.004299	0.003997	0.003735	0.003505	0.003302	0.003121	0.544646	0.002812	0.002680
93	1	0.019191	0.627464	0.013030	0.011230	0.009868	0.008800	0.007941	0.007235	0.006644	0.006142	0.005711	0.005336	0.005008	0.004717	0.004459	0.004227	0.249169	0.003829
94	2	0.022367	0.018099	0.432299	0.013101	0.011511	0.010266	0.009264	0.008440	0.007750	0.007165	0.006662	0.006225	0.005842	0.005503	0.005201	0.004931	0.420909	0.004467
95	15	0.006716	0.005430	0.004560	0.003930	0.003453	0.003080	0.002779	0.002532	0.002325	0.002150	0.001999	0.001867	0.001753	0.001651	0.001560	0.778435	0.174439	0.001340
96	17	0.013420	0.010860	0.009120	0.007861	0.006907	0.006160	0.005558	0.005064	0.004650	0.004299	0.003997	0.003735	0.003505	0.003302	0.003121	0.002959	0.359952	0.545530
97	15	0.007075	0.005718	0.165850	0.004138	0.194425	0.003242	0.002926	0.002666	0.002448	0.002263	0.002104	0.001966	0.255511	0.001738	0.001643	0.343398	0.001480	0.001411
98	17	0.013420	0.126590	0.009121	0.007860	0.006907	0.006159	0.005558	0.005064	0.004650	0.004299	0.003997	0.003735	0.003505	0.003302	0.003121	0.002958	0.002812	0.786943
99	16	0.022365	0.018098	0.015199	0.013100	0.011511	0.010266	0.009263	0.008439	0.007750	0.007165	0.006662	0.006225	0.005841	0.005503	0.005201	0.004931	0.838015	0.004467
100	4	0.013483	0.407831	0.009120	0.007860	0.509867	0.006159	0.005558	0.005064	0.004650	0.004299	0.003997	0.003735	0.003505	0.003302	0.003121	0.002958	0.002812	0.002680
101	1	0.413287	0.523608	0.007600	0.006550	0.005756	0.005133	0.004632	0.004220	0.003875	0.003582	0.003331	0.003112	0.002921	0.002751	0.002601	0.002465	0.002344	0.002233
102	12	0.022431	0.018102	0.015199	0.013100	0.011511	0.010265	0.009263	0.008439	0.007750	0.007165	0.006662	0.006225	0.839100	0.005503	0.005201	0.004931	0.004687	0.004466
103	1	0.019188	0.872627	0.013029	0.011229	0.009867	0.008799	0.007940	0.007234	0.006643	0.006142	0.005710	0.005336	0.005007	0.004717	0.004458	0.004227	0.004018	0.003829
104	0	0.458438	0.015516	0.283423	0.011229	0.009867	0.156268	0.007940	0.007234	0.006643	0.006141	0.005710	0.005336	0.005007	0.004717	0.004458	0.004226	0.004018	0.003829
105	2	0.011199	0.009052	0.523806	0.006550	0.197376	0.005133	0.004632	0.004220	0.003875	0.003582	0.003331	0.003112	0.002921	0.002751	0.002601	0.002465	0.211160	0.002233
106	16	0.385634	0.015515	0.013029	0.011230	0.009867	0.008800	0.007940	0.007234	0.006643	0.006142	0.005710	0.005336	0.005007	0.004717	0.004458	0.004227	0.494683	0.003829
107	0	0.354949	0.012071	0.010133	0.219801	0.007674	0.006844	0.006176	0.005627	0.005167	0.004777	0.004441	0.004150	0.003895	0.003669	0.003468	0.003287	0.340893	0.002978
108	10	0.016844	0.013583	0.011400	0.009825	0.008633	0.007699	0.006948	0.006330	0.005813	0.005374	0.532190	0.004669	0.352103	0.004127	0.003901	0.003698	0.003515	0.003350
109	15	0.007460	0.006036	0.005067	0.004367	0.003837	0.003422	0.228892	0.002813	0.002584	0.002388	0.002221	0.002075	0.001947	0.001834	0.001734	0.392427	0.329404	0.001489
110	5	0.033827	0.027151	0.022799	0.379494	0.017266	0.405264	0.013895	0.012659	0.011625	0.010747	0.009993	0.009337	0.008762	0.008254	0.007801	0.007396	0.007031	0.006700
111	16	0.019172	0.015514	0.013029	0.011230	0.009867	0.008800	0.007940	0.007234	0.006643	0.006142	0.005710	0.005336	0.005007	0.004717	0.161575	0.276683	0.431573	0.003829
112	5	0.137469	0.010867	0.245111	0.007860	0.006907	0.257890	0.005558	0.005064	0.079437	0.004299	0.003997	0.003735	0.003505	0.003302	0.003121	0.002958	0.002812	0.216109
113	4	0.008397	0.006793	0.228366	0.004913	0.329417	0.159069	0.003474	0.003165	0.002906	0.002687	0.002498	0.002334	0.122839	0.002064	0.001951	0.001849	0.001758	0.115521
114	4	0.044759	0.036205	0.030397	0.026200	0.689644	0.020531	0.018526	0.016878	0.015500	0.014329	0.013323	0.012449	0.011683	0.011005	0.010402	0.009861	0.009374	0.008933
115	16	0.010331	0.008354	0.007016	0.006047	0.005313	0.004738	0.004276	0.079611	0.003577	0.003307	0.003075	0.002873	0.002696	0.002540	0.002401	0.220908	0.630876	0.002062
116	4	0.019237	0.015521	0.013029	0.011229	0.866925	0.008799	0.007940	0.007234	0.006643	0.006141	0.005710	0.005336	0.005007	0.004717	0.004458	0.004227	0.004018	0.003829
117	15	0.014917	0.012072	0.010134	0.008734	0.007675	0.369714	0.006176	0.005627	0.005167	0.004777	0.004441	0.004150	0.003895	0.003669	0.117548	0.415203	0.003125	0.002978
118	17	0.008424	0.251671	0.048528	0.004913	0.004317	0.003850	0.003474	0.003165	0.002906	0.002687	0.002498	0.002334	0.002191	0.002064	0.001950	0.001849	0.060801	0.592377
119	17	0.008948	0.007240	0.006080	0.005240	0.004604	0.004106	0.003705	0.003376	0.003100	0.002866	0.002665	0.002490	0.067472	0.002201	0.002080	0.001972	0.001875	0.869979
120	17	0.007066	0.005716	0.004800	0.004137	0.084789	0.003242	0.002925	0.002665	0.002447	0.002263	0.002104	0.001966	0.052795	0.001738	0.001642	0.001557	0.001480	0.816667
121	1	0.033639	0.777049	0.022799	0.019650	0.017266	0.015398	0.013895	0.012659	0.011625	0.010747	0.009992	0.009337	0.008762	0.008254	0.007801	0.007396	0.007031	0.006700
122	10	0.011190	0.009049	0.007600	0.006550	0.005756	0.005133	0.004632	0.004220	0.003875	0.003582	0.919986	0.003112	0.002921	0.002751	0.002601	0.002465	0.002344	0.002233
123	5	0.019170	0.015519	0.013028	0.327988	0.009867	0.549169	0.007940	0.007234	0.006643	0.006141	0.005710	0.005336	0.005007	0.004717	0.004458	0.004226	0.004018	0.003829
124	17	0.022391	0.167889	0.015201	0.013101	0.011512	0.010266	0.009264	0.008440	0.007750	0.007165	0.006662	0.006225	0.005842	0.005503	0.005201	0.004931	0.004687	0.687968
125	1	0.033549	0.777125	0.022800	0.019652	0.017267	0.015399	0.013896	0.012660	0.011626	0.010748	0.009993	0.009338	0.008763	0.008255	0.007802	0.007397	0.007031	0.006700
126	1	0.014927	0.524437	0.386628	0.008734	0.007674	0.006844	0.006176	0.005626	0.005167	0.004777	0.004441	0.004150	0.003894	0.003669	0.003467	0.003287	0.003125	0.002978
127	5	0.044731	0.036218	0.030398	0.026200	0.023022	0.687165	0.018526	0.016879	0.015500	0.014329	0.013323	0.012449	0.011683	0.011005	0.010402	0.009861	0.009374	0.008933
128	2	0.008960	0.007241	0.754261	0.005240	0.004605	0.004107	0.003706	0.003376	0.003100	0.002866	0.113043	0.002490	0.002337	0.002201	0.002081	0.076725	0.001875	0.001787
129	16	0.010326	0.008365	0.375115	0.006047	0.005313	0.180850	0.004276	0.003895	0.003577	0.003307	0.003075	0.002873	0.002696	0.002540	0.002401	0.002276	0.381007	0.002062
130	3	0.011219	0.185863	0.007600	0.646128	0.005756	0.005133	0.004632	0.004220	0.003875	0.003582	0.103567	0.003112	0.002921	0.002751	0.002601	0.002465	0.002344	0.002233
131	1	0.067103	0.554274	0.045599	0.039300	0.034532	0.030796	0.027789	0.025318	0.023250	0.021494	0.019985	0.018674	0.017524	0.016508	0.015603	0.014792	0.014061	0.013399
132	12	0.009600	0.007765	0.006516	0.186952	0.004934	0.004400	0.003970	0.003617	0.003322	0.003071	0.002855	0.002668	0.749705	0.002359	0.002229	0.002113	0.002009	0.001914
133	2	0.009647	0.007760	0.935013	0.005615	0.004934	0.004400	0.003970	0.003617	0.003322	0.003071	0.002855	0.002668	0.002504	0.002359	0.002229	0.002113	0.002009	0.001914
134	1	0.013506	0.471401	0.009120	0.007860	0.446274	0.006159	0.005558	0.005064	0.004650	0.004299	0.003997	0.003735	0.003505	0.003302	0.003121	0.002958	0.002812	0.002680
135	0	0.374041	0.006391	0.214082	0.004625	0.004063	0.003624	0.171944	0.002979	0.002736	0.002529	0.002352	0.058011	0.002062	0.001942	0.001836	0.143552	0.001655	0.001577
136	14	0.007896	0.006388	0.005365	0.004624	0.004063	0.003624	0.003270	0.002979	0.002736	0.002529	0.002351	0.002197	0.002062	0.001942	0.490269	0.454474	0.001654	0.001577
137	16	0.061560	0.005173	0.004343	0.003743	0.003289	0.002933	0.002647	0.002411	0.002214	0.002047	0.001903	0.001779	0.001669	0.001572	0.001486	0.001409	0.898546	0.001276
138	6	0.011223	0.009055	0.200872	0.006550	0.005756	0.005133	0.511657	0.004220	0.003875	0.003582	0.003331	0.003112	0.219239	0.002751	0.002601	0.002465	0.002344	0.002233
139	3	0.033735	0.027164	0.022800	0.485601	0.017266	0.015398	0.013895	0.012659	0.295462	0.010747	0.009993	0.009337	0.008762	0.008254	0.007801	0.007396	0.007031	0.006700
140	10	0.013440	0.010862	0.009120	0.232991	0.129913	0.006160	0.005559	0.005064	0.266562	0.004299	0.293914	0.003735	0.003505	0.003302	0.003121	0.002959	0.002813	0.002680
141	12	0.022365	0.018098	0.015199	0.013100	0.011511	0.010265	0.009263	0.008439	0.007750	0.007165	0.006662	0.006225	0.839172	0.005503	0.005201	0.004931	0.004687	0.004466
142	16	0.067114	0.054293	0.045598	0.039300	0.034532	0.030796	0.027789	0.025318	0.023250	0.021494	0.019985	0.018674	0.017524	0.016508	0.015603	0.014792	0.514032	0.013399
143	3	0.012201	0.009873	0.008292	0.381038	0.321971	0.005600	0.005053	0.004604	0.004228	0.003909	0.003634	0.003396	0.003187	0.003002	0.002837	0.222180	0.002557	0.002437
144	2	0.033547	0.027148	0.486149	0.019651	0.017267	0.015399	0.013895	0.012659	0.011625	0.010747	0.009993	0.009337	0.008762	0.008254	0.007802	0.294033	0.007031	0.006700
145	4	0.012225	0.009877	0.271256	0.007146	0.340255	0.005599	0.005053	0.004603	0.004227	0.003908	0.003634	0.003395	0.003186	0.003001	0.002837	0.002690	0.314670	0.002436
146	5	0.067089	0.054299	0.045595	0.039300	0.034532	0.530789	0.027789	0.025318	0.023250	0.021494	0.019985	0.018674	0.017524	0.016508	0.015603	0.014792	0.014061	0.013399
147	15	0.011207	0.009054	0.265036	0.006551	0.005757	0.005134	0.004633	0.004220	0.003876	0.003583	0.003332	0.003113	0.320824	0.002752	0.002601	0.343751	0.002344	0.002234
148	10	0.026844	0.021743	0.018241	0.015721	0.013813	0.012319	0.011116	0.010127	0.009300	0.008598	0.409143	0.007470	0.007010	0.006603	0.006241	0.404725	0.005625	0.005360
149	0	0.826827	0.021719	0.018239	0.015721	0.013813	0.012319	0.011116	0.010127	0.009300	0.008598	0.007994	0.007470	0.007010	0.006603	0.006241	0.005917	0.005625	0.005360
150	15	0.016774	0.013574	0.011400	0.009826	0.008634	0.007700	0.006948	0.006330	0.005813	0.005374	0.004997	0.004669	0.004381	0.004127	0.003901	0.878688	0.003516	0.003350
151	2	0.204751	0.008356	0.407530	0.006046	0.221245	0.004738	0.004275	0.003895	0.003577	0.003307	0.115269	0.002873	0.002696	0.002540	0.002401	0.002276	0.002163	0.002062
152	3	0.033548	0.027148	0.022799	0.281641	0.017266	0.239523	0.013895	0.012659	0.011625	0.010747	0.009992	0.009337	0.008762	0.008254	0.007801	0.271272	0.007031	0.006700
153	13	0.011196	0.009050	0.126558	0.006550	0.005755	0.005133	0.259418	0.004220	0.003875	0.003582	0.003331	0.003112	0.002921	0.545656	0.002601	0.002465	0.002344	0.002233
154	6	0.016781	0.315422	0.011401	0.009827	0.008634	0.007700	0.580076	0.006330	0.005813	0.005374	0.004997	0.004669	0.004382	0.004128	0.003901	0.003699	0.003516	0.003350
155	5	0.044727	0.036196	0.030397	0.026200	0.023022	0.687193	0.018526	0.016879	0.015500	0.014329	0.013323	0.012449	0.011683	0.011005	0.010402	0.009861	0.009374	0.008933
156	15	0.010345	0.008355	0.007016	0.006047	0.005313	0.004738	0.004276	0.003895	0.003577	0.003307	0.003075	0.002873	0.002696	0.002540	0.002401	0.925319	0.002164	0.002062
157	2	0.150319	0.009052	0.411786	0.006550	0.005756	0.077367	0.004632	0.004220	0.211723	0.003582	0.003331	0.003112	0.002921	0.002751	0.002601	0.002465	0.095598	0.002233
158	3	0.008428	0.006792	0.005700	0.350549	0.004317	0.003850	0.170428	0.003165	0.002906	0.002687	0.002498	0.002334	0.002191	0.178215	0.001950	0.001849	0.250466	0.001675
159	10	0.026871	0.021720	0.018239	0.015721	0.013813	0.012319	0.011116	0.010127	0.009300	0.008598	0.451904	0.007470	0.007010	0.006603	0.006241	0.005917	0.361669	0.005360
160	6	0.012212	0.009879	0.008291	0.007146	0.006279	0.005600	0.914119	0.004603	0.004227	0.003908	0.003634	0.003395	0.003186	0.003002	0.002837	0.002690	0.002557	0.002436
161	16	0.007907	0.006388	0.188111	0.004624	0.004063	0.003623	0.003270	0.002979	0.002735	0.002529	0.002351	0.002197	0.002062	0.001942	0.001836	0.001740	0.760066	0.001577
162	4	0.303109	0.018114	0.257421	0.013101	0.321854	0.010266	0.009264	0.008440	0.007750	0.007165	0.006662	0.006225	0.005842	0.005503	0.005201	0.004931	0.004687	0.004467
163	10	0.012223	0.009874	0.008291	0.007146	0.006279	0.005600	0.005053	0.004604	0.004228	0.003908	0.912691	0.003395	0.003186	0.003002	0.002837	0.002690	0.002557	0.002436
164	5	0.022543	0.018117	0.015200	0.013100	0.011511	0.439548	0.009263	0.008439	0.007750	0.007165	0.006662	0.006225	0.005842	0.005503	0.005201	0.408777	0.004687	0.004467
165	6	0.044773	0.036195	0.030397	0.026200	0.023022	0.020531	0.358864	0.016878	0.015500	0.014329	0.339604	0.012449	0.011683	0.011005	0.010402	0.009861	0.009374	0.008933
166	16	0.013445	0.010863	0.009121	0.007861	0.006907	0.088241	0.005559	0.005064	0.004651	0.004299	0.003998	0.003735	0.381123	0.003302	0.003121	0.002959	0.443070	0.002680
167	2	0.011190	0.341305	0.591999	0.006550	0.005756	0.005133	0.004632	0.004220	0.003875	0.003582	0.003331	0.003112	0.002921	0.002751	0.002601	0.002465	0.002344	0.002233
168	6	0.016818	0.013577	0.011400	0.009826	0.008634	0.007700	0.754674	0.006330	0.005813	0.005374	0.004997	0.004669	0.131595	0.004127	0.003901	0.003698	0.003516	0.003350
169	10	0.389053	0.018099	0.015199	0.013100	0.011511	0.010265	0.009263	0.008439	0.007750	0.007165	0.473302	0.006225	0.005841	0.005503	0.005201	0.004931	0.004687	0.004466
170	16	0.012207	0.009872	0.008291	0.007146	0.006279	0.005599	0.349525	0.004603	0.004227	0.003908	0.003634	0.003395	0.003186	0.003002	0.002837	0.002690	0.567162	0.002436
171	0	0.567082	0.054298	0.045596	0.039300	0.034532	0.030796	0.027789	0.025318	0.023250	0.021494	0.019985	0.018674	0.017524	0.016508	0.015603	0.014792	0.014061	0.013399
172	10	0.007087	0.005717	0.004801	0.057734	0.003636	0.003242	0.002926	0.002665	0.002448	0.002263	0.648545	0.001966	0.001845	0.001738	0.001643	0.248854	0.001480	0.001411
173	15	0.019222	0.015521	0.013030	0.011229	0.009867	0.008800	0.007940	0.007234	0.199475	0.006142	0.179987	0.005336	0.005007	0.004717	0.004458	0.494188	0.004018	0.003829
174	10	0.008976	0.007245	0.145242	0.005241	0.004605	0.004107	0.003706	0.003376	0.003101	0.002867	0.470895	0.002490	0.002337	0.002202	0.073950	0.255998	0.001875	0.001787
175	4	0.014921	0.241487	0.010133	0.265517	0.410340	0.006844	0.006176	0.005626	0.005167	0.004777	0.004441	0.004150	0.003894	0.003669	0.003467	0.003287	0.003125	0.002978
176	5	0.012240	0.009875	0.008291	0.117183	0.313216	0.497667	0.005053	0.004603	0.004227	0.003908	0.003634	0.003395	0.003186	0.003002	0.002837	0.002690	0.002557	0.002436
177	6	0.214588	0.010865	0.009123	0.007862	0.006908	0.006161	0.393177	0.005065	0.004651	0.004300	0.003998	0.003736	0.003506	0.003302	0.314306	0.002959	0.002813	0.002681
178	2	0.207979	0.008363	0.568761	0.006047	0.005313	0.004738	0.004276	0.003895	0.003577	0.003307	0.003075	0.002873	0.002696	0.002540	0.002401	0.165935	0.002163	0.002062
179	5	0.221523	0.021728	0.018239	0.262986	0.013813	0.370352	0.011116	0.010127	0.009300	0.008598	0.007994	0.007470	0.007010	0.006603	0.006241	0.005917	0.005625	0.005360
180	16	0.006730	0.240563	0.239100	0.190784	0.003454	0.003080	0.002779	0.002532	0.002325	0.002150	0.001999	0.001868	0.001753	0.001651	0.001560	0.001479	0.294852	0.001340
181	6	0.012249	0.009880	0.008292	0.007146	0.006279	0.005600	0.474276	0.004604	0.004228	0.003908	0.003634	0.003396	0.003187	0.003002	0.002837	0.002690	0.442357	0.002436
182	2	0.013421	0.010859	0.353577	0.223531	0.006907	0.006160	0.005558	0.005064	0.004650	0.004299	0.003997	0.003735	0.003505	0.343165	0.003121	0.002959	0.002812	0.002680
183	16	0.006121	0.004939	0.004146	0.003573	0.003140	0.198693	0.002527	0.002302	0.002114	0.001954	0.001817	0.001698	0.001593	0.001501	0.113705	0.001345	0.647613	0.001218
184	2	0.153924	0.004725	0.496370	0.003418	0.051313	0.002678	0.002417	0.002202	0.002022	0.001869	0.269446	0.001624	0.001524	0.001436	0.001357	0.001286	0.001223	0.001165
185	12	0.107403	0.007242	0.099488	0.005240	0.004605	0.004106	0.003705	0.003376	0.003100	0.002866	0.002665	0.002490	0.405667	0.002201	0.002080	0.340105	0.001875	0.001787
186	5	0.033549	0.027154	0.022798	0.019650	0.017266	0.765385	0.013895	0.012659	0.011625	0.010747	0.009992	0.009337	0.008762	0.008254	0.007801	0.007396	0.007031	0.006700
187	14	0.008947	0.007240	0.006080	0.005240	0.004605	0.004106	0.003706	0.003376	0.003100	0.002866	0.002665	0.002490	0.002337	0.002201	0.585372	0.352007	0.001875	0.001787
188	6	0.009589	0.007758	0.006514	0.237984	0.004933	0.004400	0.700163	0.003617	0.003321	0.003071	0.002855	0.002668	0.002504	0.002358	0.002229	0.002113	0.002009	0.001914
189	4	0.008398	0.158481	0.278018	0.004913	0.363515	0.003850	0.003474	0.003165	0.157179	0.002687	0.002498	0.002335	0.002191	0.002064	0.001951	0.001849	0.001758	0.001675
190	1	0.026842	0.821707	0.018239	0.015720	0.013813	0.012319	0.011116	0.010127	0.009300	0.008598	0.007994	0.007470	0.007010	0.006603	0.006241	0.005917	0.005625	0.005360
191	16	0.033552	0.027160	0.022800	0.019651	0.017266	0.015398	0.013895	0.012659	0.011625	0.010747	0.009993	0.009337	0.008762	0.008254	0.007802	0.007396	0.757003	0.006700
192	2	0.067110	0.054300	0.545531	0.039305	0.034536	0.030799	0.027792	0.025320	0.023252	0.021496	0.019987	0.018676	0.017526	0.016509	0.015604	0.014793	0.014063	0.013401
194	14	0.014998	0.012072	0.010133	0.008733	0.007674	0.266022	0.006176	0.005626	0.005167	0.004776	0.004441	0.004150	0.003894	0.003668	0.347820	0.003287	0.288385	0.002978
195	10	0.014982	0.012067	0.010133	0.008734	0.007674	0.106723	0.006176	0.005626	0.005167	0.004777	0.673727	0.004150	0.003894	0.003669	0.003468	0.003287	0.122768	0.002978
196	0	0.711371	0.036200	0.030399	0.026202	0.023023	0.020532	0.018527	0.016879	0.015501	0.014330	0.013324	0.012450	0.011683	0.011006	0.010403	0.009862	0.009375	0.008933
197	0	0.396925	0.076560	0.006514	0.356016	0.004934	0.004400	0.003970	0.003617	0.003322	0.003071	0.124876	0.002668	0.002504	0.002358	0.002229	0.002113	0.002009	0.001914
198	6	0.014918	0.012070	0.167487	0.008734	0.007674	0.006844	0.737692	0.005626	0.005167	0.004777	0.004441	0.004150	0.003894	0.003669	0.003467	0.003287	0.003125	0.002978
199	10	0.026844	0.021742	0.018241	0.015721	0.013813	0.012319	0.011116	0.010127	0.009300	0.008598	0.409143	0.007470	0.007010	0.006603	0.006241	0.404726	0.005625	0.005360
200	12	0.019172	0.015513	0.013027	0.011229	0.009866	0.295163	0.007940	0.007234	0.006643	0.006141	0.005710	0.005335	0.575781	0.004716	0.004458	0.004226	0.004017	0.003828
202	4	0.172591	0.018110	0.015200	0.013101	0.694599	0.010266	0.009263	0.008439	0.007750	0.007165	0.006662	0.006225	0.005842	0.005503	0.005201	0.004931	0.004687	0.004467
203	0	0.499166	0.004531	0.003800	0.099215	0.002878	0.105898	0.002316	0.043978	0.001938	0.001791	0.001666	0.001556	0.001461	0.001376	0.001300	0.001233	0.224780	0.001117
204	1	0.016780	0.888555	0.011402	0.009826	0.008634	0.007700	0.006948	0.006330	0.005813	0.005374	0.004997	0.004669	0.004381	0.004127	0.003901	0.003698	0.003516	0.003350
205	16	0.012221	0.009878	0.008291	0.007146	0.006279	0.005600	0.005053	0.004603	0.074177	0.003908	0.217454	0.003395	0.003186	0.185326	0.002837	0.002690	0.445519	0.002436
206	5	0.044731	0.036213	0.030398	0.026200	0.023022	0.687170	0.018526	0.016879	0.015500	0.014329	0.013323	0.012449	0.011683	0.011005	0.010402	0.009861	0.009374	0.008933
207	10	0.014948	0.012067	0.010134	0.008734	0.007675	0.006844	0.006176	0.005627	0.005167	0.004777	0.777969	0.004150	0.003895	0.003669	0.003468	0.118598	0.003125	0.002978
208	15	0.013426	0.010860	0.009120	0.007861	0.006907	0.006159	0.005558	0.005064	0.004650	0.004299	0.003997	0.003735	0.003505	0.003302	0.003121	0.619059	0.286698	0.002680
209	6	0.016789	0.013574	0.011399	0.009825	0.008633	0.007699	0.534212	0.006329	0.005812	0.005374	0.352712	0.004668	0.004381	0.004127	0.003901	0.003698	0.003515	0.003350
210	16	0.014953	0.012069	0.010133	0.008733	0.007674	0.244186	0.006175	0.005626	0.005167	0.004776	0.004441	0.004150	0.003894	0.003668	0.003467	0.003287	0.654622	0.002978
211	2	0.033547	0.027149	0.772790	0.019650	0.017266	0.015398	0.013895	0.012659	0.011625	0.010747	0.009993	0.009337	0.008762	0.008254	0.007801	0.007396	0.007031	0.006700
212	10	0.044735	0.036207	0.030400	0.026203	0.023024	0.020533	0.018528	0.016880	0.015501	0.343580	0.350696	0.012450	0.011684	0.011006	0.010403	0.009862	0.009375	0.008934
213	16	0.009635	0.007760	0.006515	0.005615	0.246755	0.004400	0.003970	0.003617	0.003322	0.003071	0.002855	0.002668	0.002504	0.002358	0.002229	0.002113	0.688698	0.001914
214	1	0.019255	0.570229	0.013029	0.011230	0.009867	0.008800	0.007941	0.007234	0.006643	0.006142	0.005711	0.005336	0.005007	0.004717	0.004458	0.004227	0.306345	0.003829
216	5	0.026888	0.021737	0.018241	0.015721	0.013813	0.411784	0.411572	0.010127	0.009300	0.008598	0.007994	0.007470	0.007010	0.006603	0.006241	0.005917	0.005625	0.005360
217	15	0.033554	0.027165	0.022800	0.019650	0.017266	0.015398	0.013895	0.012659	0.011625	0.010747	0.009992	0.009337	0.008762	0.008254	0.007801	0.757364	0.007031	0.006700
218	13	0.011249	0.182420	0.007600	0.006550	0.005756	0.005133	0.004632	0.004220	0.003875	0.003582	0.003331	0.003112	0.002921	0.467659	0.002601	0.002465	0.280660	0.002233
219	1	0.019170	0.417161	0.013028	0.011229	0.310423	0.163729	0.007940	0.007234	0.006643	0.006141	0.005710	0.005336	0.005007	0.004717	0.004458	0.004226	0.004018	0.003829
220	3	0.016827	0.197152	0.091226	0.621359	0.008633	0.007699	0.006948	0.006330	0.005813	0.005374	0.004996	0.004669	0.004381	0.004127	0.003901	0.003698	0.003515	0.003350
221	2	0.010333	0.008356	0.524818	0.006048	0.005314	0.004739	0.004276	0.003896	0.003578	0.003308	0.408322	0.002874	0.002697	0.002540	0.002401	0.002276	0.002164	0.002062
222	16	0.007905	0.006388	0.005365	0.063966	0.004063	0.003624	0.003270	0.002979	0.002736	0.002529	0.002351	0.002197	0.407454	0.001942	0.001836	0.001740	0.478078	0.001577
223	1	0.014949	0.518716	0.010133	0.255057	0.007674	0.006844	0.006176	0.005626	0.005167	0.004777	0.004441	0.004150	0.003894	0.003669	0.003467	0.003287	0.003125	0.138848
224	15	0.192901	0.018107	0.015200	0.013101	0.011512	0.268566	0.009264	0.008440	0.007750	0.007165	0.006662	0.006225	0.005842	0.005503	0.005201	0.409407	0.004687	0.004467
225	12	0.026838	0.021722	0.018239	0.015720	0.013813	0.012318	0.011116	0.010127	0.009300	0.008598	0.007994	0.007469	0.807001	0.006603	0.006241	0.005917	0.005624	0.005360
226	8	0.240228	0.021725	0.018239	0.015721	0.013813	0.012319	0.011116	0.010127	0.595894	0.008598	0.007994	0.007470	0.007010	0.006603	0.006241	0.005917	0.005625	0.005360
227	0	0.855690	0.018099	0.015199	0.013101	0.011511	0.010266	0.009263	0.008439	0.007750	0.007165	0.006662	0.006225	0.005842	0.005503	0.005201	0.004931	0.004687	0.004467
228	16	0.010343	0.008354	0.007015	0.006047	0.005313	0.004738	0.004276	0.003895	0.003577	0.003307	0.003075	0.002873	0.002696	0.002540	0.205461	0.002276	0.722153	0.002062
229	0	0.783537	0.027149	0.022800	0.019650	0.017266	0.015398	0.013895	0.012659	0.011625	0.010747	0.009993	0.009337	0.008762	0.008254	0.007801	0.007396	0.007031	0.006700
230	3	0.044741	0.036253	0.030401	0.692787	0.023022	0.020531	0.018526	0.016878	0.015500	0.014329	0.013323	0.012449	0.011683	0.011005	0.010402	0.009861	0.009374	0.008933
231	10	0.112081	0.005431	0.095603	0.003931	0.003454	0.128157	0.002779	0.002532	0.002325	0.002150	0.630500	0.001868	0.001753	0.001651	0.001561	0.001479	0.001406	0.001340
232	2	0.009622	0.211948	0.217498	0.005615	0.004934	0.004400	0.174961	0.003617	0.200088	0.003071	0.002855	0.002668	0.002504	0.002359	0.002229	0.002113	0.147602	0.001914
233	3	0.026869	0.021725	0.018238	0.815678	0.013813	0.012318	0.011116	0.010127	0.009300	0.008598	0.007994	0.007469	0.007010	0.006603	0.006241	0.005917	0.005625	0.005360
234	2	0.218960	0.012068	0.278543	0.008734	0.007675	0.198609	0.230826	0.005627	0.005167	0.004777	0.004442	0.004150	0.003895	0.003669	0.003468	0.003288	0.003125	0.002978
235	4	0.022408	0.263336	0.015199	0.013100	0.367266	0.010265	0.009263	0.008439	0.240042	0.007165	0.006662	0.006225	0.005841	0.005503	0.005201	0.004931	0.004687	0.004466
236	17	0.013420	0.010859	0.009119	0.007860	0.006907	0.006159	0.005558	0.005064	0.004650	0.004299	0.003997	0.003735	0.003505	0.003302	0.003121	0.002958	0.153646	0.751843
237	1	0.033545	0.777144	0.022798	0.019650	0.017266	0.015398	0.013895	0.012659	0.011625	0.010747	0.009992	0.009337	0.008762	0.008254	0.007801	0.007396	0.007031	0.006700
238	1	0.022413	0.687311	0.015199	0.013103	0.011511	0.174330	0.009263	0.008439	0.007750	0.007165	0.006662	0.006225	0.005841	0.005503	0.005201	0.004931	0.004687	0.004467
239	16	0.010324	0.008355	0.007016	0.006047	0.005313	0.004738	0.004276	0.003895	0.003577	0.003307	0.003075	0.002873	0.002696	0.002540	0.002401	0.002276	0.925231	0.002062
